-7.850929601870654	-3.8490952406497803
-13.50862272794991	-22.26027890039304
-18.15113809825985	19.02172479444442
20.23934016480374	8.215618696649488
-7.386144529421107	16.3777431452854
6.880796765176195	-9.273138120628627
26.0710011952829	-8.956250671532873
-3.4783660044542253	-5.954128787766315
26.519640969974404	-7.113527179221276
-7.817307855146094	25.389540316128937
-8.925597971652836	-8.174155145508704
3.388005431560066	4.299430953081252
-15.577144304788824	-4.035262861587044
2.7818770648928495	-28.710350952401797
24.804962023904917	-7.010360267227238
9.658424031708044	21.69506935977007
11.120271057871028	-10.576289887842593
9.784142922428122	2.546469157557358
3.167058071661575	-22.573901053511918
3.717090607669285	15.183098165223802
-19.012740892045375	17.062196511733344
-13.93907898115477	-23.72624229945027
1.500048184401047	16.761554333949114
20.204890907909466	8.19320532135548
10.963733263229619	-20.68377522459654
8.356370749398266	-10.670930717404943
-8.62621148549629	18.663009758079543
-14.25191175737344	-7.201823602024933
9.573606074298997	27.32504389956376
9.810391817546583	16.897432259630747
1.7558248625781228	10.944714227121725
9.770636963072487	4.222274721160087
1.3604350507107765	-26.150506523006985
5.428254686970849	15.307167242874556
-11.094527679246003	-19.627197435444227
1.8970251135866407	2.3235974759359173
3.55455054938156	-24.562554446339785
-11.060940340647436	-20.387680808569133
-0.32746562290188	23.792518780178924
1.2307902285769794	-27.535733047175544
23.770926128201104	-3.0684795308592596
10.222457583419255	-1.1159242269793057
2.226372081295858	23.496771908073327
2.491167775984094	14.397441610286524
-14.546244023250253	-0.8678515105477626
-2.9406856322577095	17.3224118235003
-8.51300436830999	3.703046750915764
-0.16466707895747332	3.1075534701369913
-11.903923113184447	-1.286425383471898
-7.134317074350661	-5.6145975075584165
-10.453429632055656	-9.03083750295414
-17.08369221844041	-20.956240170900585
4.524530875530497	28.35625871597218
4.414348965772156	14.301494550367124
-12.886305656969347	25.196641203991113
8.076894224412793	1.23953655980077
-20.133517002077994	-19.691167761952737
0.9849543848299016	16.390521999225484
-14.763146207543995	16.92270509815528
21.64484404142268	6.475486682355572
-20.922806057922614	18.20704323701448
16.17779469011601	12.92985894293311
5.254340540838593	-25.042702785268478
-14.816395939047586	-21.118514215902874
-21.898625670075692	12.724269463972457
2.4799107893425245	4.600244920297287
5.990172454749918	-27.3770523987132
21.038611271830792	1.7396808170813773
-22.209317889125103	-21.3099522859109
-14.216780667568637	-18.157873925902017
20.879243976599483	-8.322695522863617
10.028651618345377	18.37731033605384
24.890358871400856	-5.758950316451295
4.9237179586735405	-27.937601185652753
-12.42028775607915	-2.2475643723329006
-12.815135673616503	-19.84732435702504
16.387413283139058	-8.492674073127302
22.32622553443575	3.73992651361369
19.419356020907948	3.9345735372528505
9.362232720838692	17.397711812723774
-14.628714963381826	-12.695164046121874
-12.51469775984514	-19.9200844678437
9.652151622948205	-13.792296159708823
3.957522286638232	-28.79801838302365
3.3519337149196984	25.887164926623743
8.557079763671123	-0.8036252683676874
-16.707996441557807	-2.0638161133962587
-0.15022335539994355	18.863414644638375
-19.874309113510765	-20.18052777554221
-7.722069983418788	26.853663033582865
2.1354756332268905	-28.5678804211639
11.39433938619808	22.886776937268458
-15.16268830399797	17.8460428220402
4.357307975248354	-27.649644723576262
10.327617992566452	0.9182751627361734
-12.90804620902426	-18.87117434984501
3.133230043743906	23.206874648144858
8.986173078863553	0.3703233872356206
-12.528582242644708	-2.5031158030697402
20.944962644442843	3.831874121923321
24.518187929626535	-11.294390374784992
5.26364137030733	30.22570905362582
25.02745387893209	-5.827859394837237
7.2651230410816465	23.750923240779372
26.67534660487782	-8.29812995029384
22.414592505226885	4.677365817314541
1.2568568907664968	-24.03855445239684
-4.87530499843991	-7.5313202520773235
-21.92331482284664	-20.96874462603372
9.070852902020018	-7.036872219405249
-14.221173637542114	13.870042622818161
-16.260493687652502	2.5033051788966802
24.463846395223023	-3.665846590225354
23.05678790809227	6.283988570208546
-17.978537322910785	-23.076706324088835
-6.584372839971356	25.102342430596963
-8.714342644981919	15.913835143038423
9.577557889765135	-10.15594443150118
-16.137815160006443	-18.830915383508472
-13.63471525605822	-23.891289125953147
9.125472540355588	26.799702931341454
-20.429325019986845	-22.317736796942697
15.806295286368256	-12.534959064282267
10.327739104261621	21.362179779604432
23.92688884474628	-1.0274166208144602
10.177879800071961	-1.410921911496227
1.8762088809731967	-23.78862320228472
-8.089851905412592	25.902703089599218
23.024731954477932	-4.163658052178597
6.297823709382863	-26.29109358388965
-12.072297608464636	-3.131955751453012
-6.38632842054326	25.454060247364307
21.309898237664076	-5.789355959736649
-1.391932565618834	14.211157145658195
27.70833301753981	-11.301939708196059
-4.923358284871222	-7.720546056553211
-15.023177773308683	-1.8852169895400577
14.588230479719797	2.0070763564969316
-9.43392695359256	-12.42375660270028
-7.598307195181826	23.30048982728276
9.439910128978843	11.722834569948265
9.310337385790456	16.926990275477696
-9.078579835468112	20.38041258277358
9.526492460810289	-8.909668863922857
-10.997732357091698	1.961249704821892
1.4715491191095125	4.1560060072209675
11.306843209215813	1.140571481561377
0.4742015522244111	-25.94031974571424
-6.215423089679573	21.559376385850843
-14.853777050874848	-4.8736180831856215
-2.900955381585093	11.55834453660426
2.315814999151782	-27.648926368225126
22.56788748519727	-2.7846259382670504
2.2177316480744076	15.24529674026249
3.6522936761164146	29.776745420906526
5.329374373263388	-28.01729175027024
-17.14586056540824	-25.797306853092554
-4.48501437990496	-7.964881409617731
-20.01941855752996	21.299104398546383
9.545499555002511	-9.335283772718373
8.696672190585438	8.287225234194759
8.286058439021955	-10.655076980368106
-8.343653245696256	15.27884345676958
16.266393298837837	13.1773600370727
-18.841296225662433	17.81070635173488
4.798211080273359	-27.575719713055097
-8.43498796620217	22.151528094608445
-0.32859866876707483	18.54593173048843
4.897781448492586	20.27289484483671
-13.035613180752744	-18.92585573823099
-8.723181857506884	15.625823635041781
9.552251067229122	-9.733190523160967
4.25156783187102	30.053181797794917
3.120246943471548	3.883884519593966
23.562808316209228	-1.7778509261477886
2.1477640165903806	3.4072794225486516
-7.290618919422784	14.30100350662014
20.141316557350972	2.9719521316495414
2.385915628629025	-14.916323155552071
-2.7987394098392047	-5.302199756551564
19.896151861843705	-5.536902272468891
-16.77509097073571	3.8158069762398013
-11.907379021216233	-10.567154138838148
-2.326987272058891	17.394047910200584
26.344739670052952	-7.490032949522656
10.906958129432423	23.28060032132628
-2.8696946056407038	-27.03129372205722
12.286664265860653	-11.759581169762628
-9.157319271946939	4.616756992190968
9.567351508256698	-9.016042559491932
15.089776524509924	-13.658347406126847
1.6409523505754455	4.121396539270984
-14.088164653822389	-20.147092395427634
11.454812536720025	22.999643069229112
-14.848676397951314	18.44314706433045
2.502164612605674	16.45642864934346
1.4757451246329107	29.614790997164047
10.02760343261742	3.126440378691774
-14.914481514814467	-2.3286627583599446
9.068733531010512	-8.916887437736094
25.94566723486447	-8.310087111876939
19.747070976052743	8.298282135899973
9.993008708374354	-0.6176322089281358
-16.55975207959625	3.6613501291856725
0.059846089578438844	-25.830618726986685
22.136108452039274	7.0012303091623345
-18.881642282383503	-21.73912250010686
-17.001070817481025	4.001735546082987
20.037577120363775	-0.6228585582438589
-20.46392255136825	-21.14669508204684
-16.516374437717953	-17.401274879056412
22.715906239251286	-0.6155570092422632
-0.17373154183883718	25.799863664323546
7.461052152333163	-14.844799638149647
2.976227073127249	28.102214695304223
-6.246329774317349	-7.691322489694874
-15.437658360492536	-16.903543139545857
-10.103629486030508	21.723019338606314
-1.6567851453747668	-27.41727704261585
-6.033975263549052	-12.382867027895134
13.409834111217757	-7.564901703356446
0.6980027323767692	-29.561830723324714
-19.557914090690403	17.999370550595877
8.794829147247862	23.02740868371885
10.616022182066343	-4.438929543350803
6.589836215447421	-2.715404817453431
-10.562288515748794	14.122158741114278
-1.991102824926935	15.856074874470018
-16.09631198365704	-0.8798471972160896
-20.436081444891993	-20.279395624337894
7.710527476087807	21.030638003954824
23.55481979780605	0.7044163588334941
-11.297986997662779	-16.808341448866894
5.9439499740042026	-13.614395335629535
-13.913295008835709	-17.267301764933915
-5.706794022404557	-7.843655119564288
-1.3033069605526901	2.160818515141713
-12.40251841325759	21.04846514877858
0.1426602840072637	-28.156571790238093
1.1107418869381753	-0.4547887314654319
19.238268332290346	-1.7430219356671028
-23.960941513356662	-13.797402252283488
-10.788654539845584	-7.770952736943311
7.182647775639904	24.53371822883037
-18.415139178485802	-6.984145582030183
8.625240878681634	-0.1750209040598663
-22.276442151118097	-21.530148058394534
-1.6562912728555208	15.53001822857758
26.243478801002432	-9.254454571776606
-20.91400325741831	-20.92602683330151
1.9724665390238625	11.149753260699844
20.076295207202424	-0.2974842081356341
14.240688686988987	-10.278692604374235
4.824499522567347	-14.200568978376989
-13.868978801171872	-12.02095259334968
-5.2914265236285045	-8.116653582129016
9.401552015302752	-22.682370667979626
-9.543712155100206	23.072514719843824
4.3539248107878565	22.327804856460432
1.5006894644048951	-0.5435568045067343
-25.231823667270305	-11.738731096250309
2.6886263992539403	-28.826400091788937
10.89295259434554	-20.821336066974265
8.637845483073258	23.597164604550866
-17.899939753808482	14.545736769105279
7.89870758806487	-0.2813967959615465
-8.968716085296087	-1.7800217157769522
-3.7862535536227933	15.634197402545139
2.9319332724725986	11.54217838011659
23.3986440494674	1.8334781290786966
24.54004644051807	-0.8445008021410746
-9.022430541579155	22.125430628155282
-12.96438592637322	25.044487870766197
1.092944120122824	-0.5014018974218113
8.49243064539883	-24.199508647990022
-10.243948750458538	22.57790864230915
23.4545405308444	-1.5739709464760117
5.742700259851229	-14.259482882119842
-9.613737757201958	-12.293390761729796
-3.6529582711480657	-5.917682869883263
-3.0574186923842555	16.70097164249924
-5.962920570498718	-7.470370273359212
-16.58437902154309	14.560701763885522
-20.287630982169453	-21.52773562881872
-17.243565062740945	-6.246768450069904
-2.7996842100061103	14.93515203535026
3.6196722430990245	-27.375096458368397
2.116950784589518	0.2552137457764055
2.8131822088388234	25.45191668676536
-9.570036453653234	22.302260728110465
22.768475088333513	0.6037507940806653
-5.270333183898529	-8.525120006662384
21.880772878226413	-10.46378335124074
-16.099988339782023	-22.118417501349146
-20.38097930420823	17.573269352121386
11.772398299027083	1.679603112944592
-18.06724169882167	-18.947181079700655
-9.729800103526562	23.349535931660686
-15.364157650685183	-3.297055544482331
0.41472000482356475	-29.59225259576734
15.659665082760188	0.10120582604259297
8.078162597739079	22.903307353915398
6.53721166833632	-26.857140424006698
-14.94356082817395	-21.839579039996007
-0.37019611694719706	26.73135924212946
8.433704800399944	20.79709439145716
-18.361129873213212	-11.638562863088948
6.876412048730627	21.6894347032318
5.161225455553452	-13.626038043374916
23.16423975035892	3.2156024269987875
25.112632091728	-4.036364664295095
1.9164805086643164	-29.086656133597742
-7.50910359451844	6.115225415962216
-1.65962642233703	16.5439202628556
-14.507259492197177	20.15907461548014
21.044423541461533	5.492869354510516
-17.48200061576461	-5.690720243993419
5.352309328081232	-13.914501624008183
15.318312821872842	5.104461205721571
1.0218224063142358	16.91524172881316
-13.230868354176184	-17.908398863718727
-5.32230423636078	-8.220422783891578
-13.834736191948492	15.969621868325259
0.9748789952612646	-30.006973041802592
0.7166151296071867	22.423393275788104
5.2020373045734285	-13.41528854223888
-14.563998761576558	-20.121484704624258
-5.172967860449729	-8.623831017708703
-3.5513940021193666	-1.562651276467514
-9.94716809023792	23.049327836625324
-10.385094534251467	-9.056212911287787
2.137451551259152	-27.93623593911787
-9.105160658250666	-1.9241235718575922
-6.011088240751225	2.821917587863552
-12.679506465197797	16.63094234793764
1.7529368442655997	-0.0924775380705753
-9.044303900436063	18.65208185109216
9.326392210759774	22.68200229375632
-11.325552726350434	20.259198776561913
5.758285639387786	-13.636012906368379
-3.3167990579378297	28.681211914833888
-5.422720106116696	-7.605074094469445
-5.436824591699171	13.383232426911759
11.611148653064703	2.2546947042540326
-11.838284664203627	15.548803848142853
20.80923496524279	5.49507869003052
-5.266506086095609	-4.504715742235969
5.248958670174611	-14.254926266102935
-8.113189340347489	1.4618154844850106
8.656465223014346	24.6919155632077
-8.985131131280509	16.015299756411515
20.54362108093283	5.759438148098092
-14.850017404797855	-12.121680778131024
6.621187493594337	20.8993326098175
-7.916620817977109	13.413207083902408
22.533373411839257	6.708418950725097
-12.470432996192502	-2.660433371325769
19.578172259545187	4.145702017220304
26.2142084276377	-8.137103270640798
-15.213164369251365	-20.856551918924314
16.171192159845923	-9.590183763613632
-3.4820622923575004	-6.19180362464285
-6.6496775969389565	15.397226290974139
-8.472137929829334	22.381777769716226
-6.282263830211995	17.48668806154113
7.428390887004538	-13.641438021367815
24.71497114617874	-5.536558455002654
1.7198398054934552	-29.330272028878852
13.577437935331261	-0.04715076883576523
-10.39321409230648	21.427410760894784
7.255986591342762	11.496241391442654
6.423747838561305	27.916326861556417
-13.17813102551203	18.707234660958164
-9.32936130655847	22.73541138179986
-12.039611126792618	13.450643576853855
5.245720367403136	-13.40501363701454
-7.809785425967949	-1.8633708548360959
9.321298992151046	22.721049688139043
14.968592439177836	-12.063889968613333
-8.287986946274183	22.704664471452507
-17.70982648946267	18.51810951918614
5.94029661555336	-12.907673688217235
24.651967660041816	-6.5667572409898085
-1.6061343749815014	17.7838423574403
-1.042354669108171	22.57780217180097
5.551482336273076	-13.121072772521192
-18.194153854663654	-5.209590216768452
7.537155820406154	21.716415185390815
5.4475332207559335	-22.028181117037033
-0.4676547107244974	16.756098859762837
-9.21068717036801	0.8211681455177875
4.605828260149029	-16.48303329214772
-15.23337369046547	-3.9031289215434217
9.617309099646414	2.982051104861374
25.148430180729438	-10.07157411916327
2.7173271589792463	-29.1369983833066
-4.264845629846116	-2.779924680133604
22.322599013329267	7.330881453511029
25.800698036240465	-5.885458731548259
-14.094803254758482	-23.301710926269855
15.089560773812599	-9.605868891363139
4.229993177478941	-24.72460720683644
-10.901157818393646	21.76133538783477
1.3693332889981216	-0.661870904798481
-15.514187241954374	-5.1530505267415565
-5.648375236176698	-7.402943896777774
25.855334997278696	-8.933878669308418
1.3338652479686741	-0.6034369404286888
24.01558057253177	-2.292110152296469
0.7568262813644604	17.090374859057302
15.815943956118696	-11.916800072308106
8.700833852637823	20.830882841771015
-3.703753289667092	14.158454761507606
-8.629456652622244	23.2978897170944
8.192126364881519	-20.001857024209922
8.6312296905718	3.79491399331696
19.24880671248864	3.239826259690412
2.6641200961029003	2.847986018763783
3.829289126962116	4.594199663414233
0.3033995054243043	16.734312164752982
-0.3362836309972626	12.98944915704067
2.674989010336142	-28.064710764413046
3.288431287720311	23.32449324063444
1.2097763964345694	16.81189080960964
-17.450701247173416	13.034781129499533
-1.1587644022666566	-5.395300123764361
4.140492979954823	30.160334912746873
-14.563767747621622	-23.070802732576094
-11.520198823539296	13.974590619480637
-20.062026657321894	-21.697885429379763
2.762088418434242	-23.239895750710932
1.5109406689391223	-27.90487652587887
10.278964113269447	-15.159565360233648
-5.78952692927947	-8.547098289287792
-16.24964343043084	15.983714576867644
-19.770408759671934	-22.194577467812735
-3.2462959503181654	28.70798434354019
2.0413792645359896	0.20235841661694337
-13.473050922068799	17.82078715415129
8.081064838252583	4.112902467347668
-21.252593135345275	-20.638228027937778
-1.2540520746244042	15.183014561942109
-11.396350367666237	19.33589610081865
22.40535905113052	7.737145071380747
27.161247501221045	-9.438084600016152
8.248222400233143	-0.18891561494257347
-18.179205314390217	22.304031369808214
21.999611429486308	7.204625332005501
5.76762031971897	-11.199818579021125
2.671178831209508	-28.800050059884388
22.88964077372551	-3.4509184193419604
-12.8332837660331	-18.51603186806637
-13.417761067396551	-9.321262212493842
-15.509845471846022	-25.69153247050734
25.696560570769567	-4.552395909546849
21.281731716041847	3.8737360866611743
10.911426944323763	0.14276676641184155
3.6502926267332985	-12.757923685611498
-19.171278004647014	-20.703268752916767
-13.706702239604597	4.839282735175824
-12.696908087188856	14.648559817723577
-11.153065961830462	24.38641062525315
-16.870646010450585	-23.607211254879008
1.9979538261897218	3.717043923549548
-21.49793925462422	-20.13782830514846
5.01272926378999	-29.793268943880413
22.01901116503839	1.7759315788027816
11.634088240729906	20.821772478236774
-20.931180569925203	20.947313065486206
7.469867118956863	2.3897724518739243
24.753606976099288	-10.689030402259412
3.8672167154878077	16.6888737526891
18.859508962501444	-8.516956063582736
-14.640806385967892	-25.520354624292946
-3.5301753650848626	-0.6520406731560917
21.786561787736407	8.722621079521561
7.71342342960675	-7.985562665573155
3.413921758026339	-12.686500199909785
1.1788424348094593	21.607293776666342
-12.747211740446083	-5.31806979459972
-5.0142660590312556	0.7319978009526891
-8.100780418118218	26.72905583288648
-5.599570205294356	15.137034800180958
11.960153995105427	20.341825220472437
25.692118171518114	-5.815565068730536
7.57015399538637	3.1701130291711577
-16.091868846298304	-3.2600265550607013
7.018856916815744	15.683359738284516
-24.743520299630273	-16.25393218508438
-16.695414240105663	-26.319926813680162
-11.77100301551442	-8.257129507089983
20.906172895814926	11.079904475701836
19.317706884252416	5.287233278558704
3.6326708014068565	-11.43390609207035
-21.005418206660085	-18.73729388202687
-13.162872571679225	-8.404721402494923
-7.64468840431112	-11.75095344622529
8.773351349866697	15.5676518590254
4.092081671251303	-23.593013631281885
11.859698662313514	0.3783294107879842
1.637430255873578	24.611091641178664
7.480187171299828	15.545620066466519
-7.936891340450453	-1.9448956607644616
11.162460447586852	3.295465167325659
-14.833563134429355	-9.61234488085216
9.214173583111274	23.419464849557162
-24.519145542539732	-12.841961007777371
20.798763160373117	8.454817906973876
20.362262144485854	8.921220714394066
5.669777787268904	0.7515627498130952
23.107986660779513	2.5623956374512913
9.529104107553493	16.059629852752913
-13.137733055722977	0.9391825114031491
1.960951117570626	3.639738227812568
-9.492328603751181	-9.179320860733162
4.105050458609486	-12.010600661749443
-18.050822609571807	0.3352174446145579
9.917775837444456	-2.657669902976653
2.5622597547955466	11.624518331292496
-12.430825559841113	-25.018848035735726
-10.135630365942195	15.559390665862352
11.368925515892643	23.242933483714673
4.756570576498135	26.50800891405056
2.393046351580065	3.422421338044183
-19.489834688952705	-20.375964232561213
6.134848078828289	16.668772656468292
-20.602169237143595	-20.620794147836346
-8.61293540314062	-23.672357067451106
-14.673193582599998	7.489702786741175
6.988315474862649	15.435830914501981
11.745160247152233	-10.178247193904372
-8.035343250078803	26.92069848797533
-11.02503191053489	2.9622601186596293
20.71154380154477	11.186653102406035
-2.9097137469476744	-27.641200127242794
20.711006118490307	10.636040977690168
-1.7674819491459164	-29.10968467195914
1.764259650639999	1.3081810178545497
23.017434713062027	2.581630707044126
-5.950916433704831	4.563899476580781
5.2250741209850595	9.862650183425885
-7.04111308138745	25.365088121108233
-12.004378820331047	-18.88286843046234
-0.1085865080933649	1.5698696765557651
-14.159536408770073	-9.403813186263271
11.096737174771503	-0.0740273175090809
-9.563810473767173	-7.550396034199697
5.595584461246157	-27.709047584556824
9.205496982544936	-13.574375758747927
-2.856350897079432	-7.389843372178663
-9.795368587494638	15.515142702084187
3.2310185970928984	-13.053891055785238
21.94249455093016	-5.056992382134297
21.584110839185318	8.298119277224925
-18.07209021148108	-7.313885332377207
3.560208782668729	-12.705530594224033
22.969522612453527	-5.126448662557407
-2.9547477851849626	-7.710904097122498
15.833291968880452	-4.357361901582327
11.197829057159941	2.484693596039533
10.496212771062858	12.079683138985326
-2.751925951601276	-8.178952049422644
3.7969552143634533	28.517221637074346
3.421302558932476	-12.662148051408527
-11.97567303892986	20.247190664400982
5.819263792843204	-28.63100205020819
-7.9719050935846125	15.024307647836132
9.288549890861672	19.35806460364364
11.215217999522883	-14.303249606960351
-7.677958812981472	25.872265989366888
10.673517326063493	-9.678079918568315
8.585625386522294	0.17126934179769007
25.144644146476825	-4.349029123425441
20.34358581882572	7.728798223790568
15.871844711358117	-1.9993199226184546
9.406581739950223	3.4962295626500652
-0.9270440515303576	27.717297041336177
-12.62517799949749	-24.82015842477975
1.951941545236136	-21.20696256665451
0.11382618030977286	3.8329705311002513
-8.780905196127419	15.329354653227606
-3.930796658759113	-8.60972808150131
-15.472285287190394	-16.877925219385574
6.888927347744507	15.273600926500142
11.536606030083565	-15.958417215661427
-7.688147598254713	27.12974262356732
6.489260048622994	19.257141261512025
20.864089569129483	10.334729752301829
11.640684112695949	10.745914641732671
4.8609988385404295	16.591450864980565
-4.841122730821227	13.983427800650741
2.2644826790142267	-12.059327895200799
-3.1741696013907985	-28.429840069193883
21.294343350710683	9.150364017179232
-9.942676652793773	0.4636418388595805
6.302563833209779	15.396238713131961
-21.004466064312428	-19.168188962272765
7.828726950655279	-28.227153473899367
3.1188717762606073	-30.231917615166502
9.605693935022126	19.19910993837606
-4.429739275410721	14.449213552909983
6.979215884854004	15.998778650300382
-13.763285967030749	-10.857971926810116
-10.470124683953006	-23.819418787716668
23.40678445903067	-1.1607792571117277
3.798631433075161	8.182426422777477
-19.241096956944084	16.522677884614062
7.770242655798985	-28.654524637196616
-17.9579873927934	22.092772368392307
19.816578458638908	8.141172945810242
-16.244479601223716	14.007595820236043
18.840629382689936	9.346381685163598
-17.049432094348784	-18.371597411285894
-14.617526101077218	4.148833945457074
2.9920032587469994	2.465419572671371
9.795533748736414	1.6326090662243165
-13.563932442721493	16.867767432794906
9.074328753807743	19.587197342050302
25.844219525769162	-6.961617508000241
3.573486096495019	-11.575932570326437
-17.17046872402308	-7.918497277373223
2.4712181219918286	16.926624059758193
-18.0331589858602	-11.211865160097593
7.908147089398055	-28.669012418729565
4.933806517786926	23.40623562570535
-5.936011554797325	-2.3794405736506246
-9.850623604096956	28.292840098051016
2.2571979296167664	7.01582360078508
-11.299422819956094	2.520144541276217
-15.212055594760201	3.9181612752827
4.681802802831678	-21.683773946429493
7.396145026096096	15.74840300520826
4.697049076783536	29.87613957791261
-11.285279627749185	-23.738437949675028
7.554022674612817	12.088642434192485
3.385096776743654	-9.509006914266259
5.342343449805951	22.668986081285553
21.313089347596012	9.761797235113397
25.610936958256016	-7.071203069050469
-13.20486646816316	-22.8979459692946
2.3616839671313654	30.407331676638172
7.150930011672447	15.123775611423103
6.626750277175265	-13.576694231974049
-7.65799445026748	-7.625533366166809
17.531330720344645	5.469472079877534
-14.96191661499596	3.8828615067519214
16.04536667362777	-6.843350250109205
3.7502496969825128	8.332934498972993
23.389361708251283	0.5446854400796515
7.416359899121486	-27.598835407322138
18.044349161939277	-4.178031064310451
9.914661169815945	19.77352152091963
-7.083991593166166	-3.24553243407434
-0.43241277523012217	1.6650937180467942
3.5252690777813864	24.63726233793776
-7.404770678529561	26.794742542103894
-11.418925568781397	-19.756360197606963
2.9462504581484046	-11.994243151865174
-23.409967123961536	-14.315896626040816
5.668524164572539	0.7006697163101581
3.7680478638187944	-22.151177323891492
8.2566911302017	14.677904056461825
-15.166502686105424	-19.132636056387902
-7.945852717334205	26.93950726715401
3.02371517599715	11.465451152008116
8.103444491233494	-29.02159225090464
-11.246411000523374	-17.83676419210785
3.8237242761740218	2.5424318904112355
-16.085464751872824	-16.705116323863415
-13.126719124399903	-23.237597088983765
-21.467078175896837	-18.71005419477202
19.536122696459977	6.754977503522892
5.98618023889713	-25.311107190553518
5.4606337028165255	-11.409347012753104
18.83613649353767	-8.556044051129073
-7.824794518894248	-8.92005898019521
23.019335188927773	-2.0445063000843553
-11.724052378545238	27.549833097013842
25.06085043442955	-4.728318654340297
-7.042961506325192	-11.576128064969186
-8.709653051155755	24.303392166836716
4.279197357782758	-30.303742989648107
-16.079151090154667	15.560814751904239
9.556232935213668	20.521224682588254
10.589317098062091	-14.715629246061111
10.061002278468035	2.9313198978186676
2.271158347571335	28.78580716655861
-3.9552143363383956	18.15507104651772
13.931191201657315	-9.768228122514522
-12.952211484480545	-23.074761269301533
-18.68822956220506	-6.710522055147884
19.441362687079355	6.7197157476500315
-15.31938811817063	18.695070956377062
6.340919513655135	-8.511387223555136
7.292547496075157	8.741326290404627
-5.541583247309911	-8.457382907389162
14.707749632970827	-6.615596627276311
-11.522439535582858	27.64835134012421
22.229330317217475	5.543176359553934
-7.314615142180986	-11.437093731449206
-8.570715634313393	24.12854707981463
4.313779965857152	-30.33118998119881
-18.08439800444557	-18.68639726983923
9.648403993913105	22.753238111210738
-15.817098267517979	11.292298745254927
9.705491808070425	3.808051248888259
-18.18863408489258	16.42210247529371
-0.8736519742241778	16.52065008815203
-10.066783556156677	1.8353341460288828
-13.845423774831055	-24.69547424296202
24.556862819195217	-5.409219095132003
20.167496289669796	8.592292946121145
-9.801332511342508	-21.96382945629709
4.844353697365745	-12.46302175440848
15.352203898544063	-13.444879036425975
-5.197902920464332	-9.053817897459572
8.312615573172872	-15.53078070876334
-10.31647936348182	26.964320037296975
-0.9541357828586967	28.849483437773102
-16.030665149120566	-8.357995620408378
24.251082318485036	-9.046869632857893
4.852587302516035	-29.465972418144215
-15.930465231381863	1.3284016024506988
9.916260427318882	20.283899673330872
3.2877056431832847	27.79418570952029
9.943853389760703	3.3084807181918663
-10.991038432193209	2.5712586077515405
-3.0626302954229625	18.279461344205217
9.520854163859976	12.6295442776196
-11.558936467933624	27.630184357069517
0.750116966363682	22.42796094467849
-5.229051554066987	-9.096225660890367
15.573485235266116	-11.006582291479987
-13.90391800059161	-25.321658270148433
-9.987758952099316	4.461655497394031
5.93424668584038	-28.860530386754736
-11.353877933455687	1.0139687919557887
7.170322253234598	-28.824649872761057
26.674172686690792	-7.968509394670665
5.862262614362781	-29.744456806740725
-10.863674150949729	-1.2635940059651296
-3.9564216269937873	18.55123644536195
-10.478499296503456	25.68870862320575
-13.307086261158815	-24.290019058468978
-6.246660925044246	14.026328172590627
-11.373232283438478	-24.19768434573927
23.202285756426768	-8.683282531585741
21.288026638330546	8.519718421642272
-12.14120763920476	-1.6563378786095027
-5.7732323268573955	27.89498616049916
0.38490286060126766	27.319989111855104
-6.217705732029446	-11.8993185690428
-14.897642960164223	-4.944190871856421
9.50626408947666	20.085127649208697
-3.733839281268501	14.3902935671696
-1.4711760411012706	19.269875346002355
-5.874855798325626	5.568864434283727
-6.28456103347758	-12.5029527223873
-7.41650876035785	4.680658084988724
5.982251255223168	-29.894736681452674
-16.87061280314865	-2.6560748051491814
9.096506821232605	1.0901720870360636
-2.5315310928560115	-28.684059403313825
-4.3965206902513865	19.111545437652552
-17.213463085800555	14.817258346201896
23.006119819244386	5.56909707506441
-6.802166359787236	3.2514888878426786
-7.3911578339243915	-9.029839877486493
-12.844378843582216	-12.176356253299435
7.566299378096794	1.8577292286302642
-24.72418622251315	-12.020528214408516
-6.158184630902626	-11.46059209179921
-3.19588171404184	20.43541553293641
6.536664550050293	23.401229382263384
5.802422091240678	-14.816135151017285
10.71307743844899	-24.59004708959737
-11.444731536751318	-18.260783681739305
8.25588677248295	0.3325264384358732
-3.4688291038355157	28.820774480030437
22.268691702193543	7.118002209304947
24.819181474932858	-7.74562153780605
-13.270344753846134	-24.299869980201045
-6.234839199713782	18.6274548052584
22.46672837104034	7.0685889284887455
14.450837461736997	-0.32091503150782635
6.610380097465928	-27.360774800061197
0.024536317379637684	26.901458019725077
-14.348127608040734	-24.975891114197413
-9.798612484121318	-17.716031429488357
-6.951277093370406	-9.441754506678336
-19.14370806626886	-23.889591420194336
8.668873391409866	0.5211617822991472
-18.76996668251769	-1.2766784982153978
-3.2772080362886604	18.74450898077091
7.205756167122446	-25.97624386050869
7.06131319552389	19.927640486758566
12.162049406722065	-0.3783253724874947
-9.240431667739433	27.33434171868626
2.7239592425301726	25.803353719122462
-6.629534723149325	-11.70743977833947
-8.398264768257786	17.094504983937775
6.219688522360223	-7.999896176175944
0.8232798364513554	-27.470674694655397
7.779259114006744	19.716589337439224
-17.91250677459636	17.44444162216545
-6.632570408967556	-11.287168917919379
-8.923230838119936	16.166954751881185
6.598723309106737	-8.150441904776404
28.20184113544197	-7.738286134717667
22.885854439551288	5.8229664113212944
-0.8395925022928447	-27.312074236559518
-5.3751354480521	-9.320468312080283
-8.936581838217444	15.38642324378364
6.73311929278802	-8.75399235123259
15.303598302091423	-11.030018918942758
-7.78107112431768	-11.865625805468115
2.8852623942650193	-25.305233248629474
9.565114170907457	-0.29701845961449264
-15.585194088757333	-20.008378730250758
8.578104936050487	24.82364576406723
0.9806974209343604	29.167099868347186
20.293577905596173	10.152765711981033
2.265928312342916	14.521554975862678
8.590376999406832	0.9460900563134265
0.8386941137742944	25.550889368880767
-10.27477804931411	-24.23384146196099
-18.964075307949063	15.026196616122503
0.22421357938797576	17.406066058849603
-21.32921790505533	18.498487237455677
7.102039964515602	-28.513821034684433
15.440578996594923	-9.937597559366763
7.818248030024595	-0.07286110160423764
-8.558092563884932	-10.262813663559783
22.834568477296173	5.410802254308458
-9.82833263577409	21.649325404964948
23.00004844396814	6.033266590859682
-18.760104697840024	-6.769696771207253
-6.968407597685711	-11.689724686980428
23.658535386694485	-2.583645989653778
7.609678278969968	20.651251577387388
-10.318620694740074	-5.936879549796813
4.602386385762723	-29.048370785954564
-15.403244624693393	13.569473652712588
-4.6033631277008045	-9.230296342165003
2.0368202703438256	-15.29711207315784
-6.498403269886155	-11.395261420878658
1.076960710902457	-22.903981310134302
-10.570304062614609	26.892966906873262
-19.22321195068746	16.390790523159442
-11.261469042480066	-22.795305975799902
2.6026056824800134	-30.082158501956027
-11.362949167242625	27.368240852034916
6.212899140078437	-22.910164470842265
8.821554455253708	20.502187867782435
-11.187558418229242	15.324328056322408
-11.34325688655802	27.43750759396806
-9.716696523646732	-3.4479371074399596
-5.061667282949474	-9.789664863559619
12.453072643009623	-1.2390508994843459
-12.024295898116401	-23.84787270511239
-13.38513731483457	-21.809948379271724
-5.786744157374537	-9.446867394987372
13.70057846647583	-9.901098545261396
6.885421653515567	-7.840043797278051
2.715626823415508	13.95780727412218
7.675006298486491	1.2893754297897524
9.660533188075147	27.376038388807952
-5.282136918786405	-9.25022120352749
4.108822003832609	25.302340935276288
-10.411053955354117	-22.831816271764904
26.62777392344843	-9.387199712045469
21.900380619201123	7.161627785851732
-21.16738158808662	-19.28365085505373
8.48901699401448	-13.606816787115415
-11.712631596336072	-8.198940662258764
-16.53732459812475	-4.732660321928656
7.360705286380649	8.71818012751303
-14.521545911304553	20.39776993869764
5.251516349891747	9.860404926473475
3.263461679140226	4.398087109709868
7.733093810266206	21.985657467192166
5.127320117901865	-28.289770574106544
-20.162760388768355	18.55922305011932
6.032175324298325	28.452288242473777
11.560318283520495	11.262871865122744
8.545110383556153	1.5936921875878567
-16.266309800098938	-9.672473046443335
-3.334230360579553	20.37132403746959
2.9138903010663437	22.550799499639005
-9.781581239861953	-24.526455395074095
-11.229897372599751	-3.7020422749444584
22.06734871536931	7.514875357090232
11.0425650101753	-22.661190055770167
2.2777629716012058	-11.967445123747172
-2.6587366183306176	12.210655762077675
-15.238962465946798	-7.709162926225244
-6.5532932200963945	27.81896778463697
-10.253474841286904	25.660622390366566
0.846868853484326	22.321012145853388
2.9384403782377855	2.412386690897615
-4.592768618571491	14.457594157355157
6.162780691653627	-28.763081527277393
-16.75999318889028	-22.4414189167304
-9.544413158955845	-24.220968120235217
2.610105732952249	27.381282285630682
21.01525589162818	8.853384007816441
-16.053120248363804	16.257656712511242
3.6062421504190088	-13.065767375199973
2.308501324639938	30.31525144795953
-13.241254996972469	-8.058239433538056
-0.6045740448882556	-23.056619611549745
10.369521316874085	20.561573313611127
-5.955460550501437	-1.9529300596655836
6.774256713499918	4.5316482524684245
-15.308696378775725	18.67388241545517
2.7250675085382685	3.6470670908061673
-2.384410001700875	-19.45011348960572
4.685620355691957	-11.099690343806593
11.490493851841482	13.232527964579651
22.080916209303602	7.182512036014402
22.072051841162143	-2.8153464114358977
2.744959942345374	3.74790094574021
5.909110254303887	-21.958142284154885
8.745234688047354	1.4890852530332896
-17.30790772718066	-7.670942006512792
8.831259680199766	1.3564361993397296
-18.509180257535228	18.158444578727906
-11.498252197105653	-22.82885815688167
7.768725551433226	24.52419858948315
-4.005409404910221	20.563408732179127
-2.8626145960654252	19.3384527979143
4.205854568021473	-11.154754830902315
-14.292982304472233	13.85697659474472
13.289628783253804	22.607352253907628
8.864109041598295	26.321226593107692
4.391070810223609	4.81004672053441
0.9075043390421332	25.054901084933864
-7.73892158543881	27.012026522823273
15.992526617431231	-6.9747592964291565
9.49744118546395	-26.525782344226176
-12.329938193509077	14.698008384422863
22.809956454660735	8.541661833961417
10.633441481665612	24.914587717672415
-8.38718433947032	-23.458569759455568
0.11325113922485974	-30.108826442467933
-7.888336751406562	23.096444485966348
6.320320661871094	-0.9961029978836049
3.0121059125407794	4.3101679570150955
11.475362918474028	13.11418177224621
-11.927273473891328	-23.574560823242845
2.969497995933944	21.095932170650272
21.44679223973989	9.329714469577983
-12.8539068752157	-17.28525567097376
-13.981851066381202	3.2452868496311216
3.9570993634421057	20.801248785054224
8.262398622189785	-26.706827028197225
-8.332472596942337	-12.152175937711881
-10.064156230458075	-22.710514373116748
1.0579628045862484	-23.818765337385102
20.762330654005773	7.179863171720752
-5.54344999864353	-0.5653715155311453
22.705193860296305	8.439437164110059
4.495897004724863	26.118976620192285
10.001063443478747	3.2382198735557717
-0.4616233607724135	1.1172105030971735
-11.073395465241367	-24.233219777282912
-3.5531818549746923	-27.072412785343186
-10.178107362585235	25.924565607117767
-3.4494199888629993	12.735598337722172
8.964861058592698	25.54644204877257
-14.401862601468789	-11.058448980427594
10.465438874011404	17.707263227870516
-5.849396709236418	6.246458252574698
7.82210996813231	-27.033082482150807
-11.858624224932688	3.2661598665974325
-12.22730536246066	-8.152946590892732
-7.30741745351273	3.683010704841275
8.735220337899428	-26.892925840778794
26.846350874641658	-7.961462009870205
-9.987160146518207	-22.83629445091188
-5.027121218203486	14.787963100325058
11.123902710219957	21.019547355509488
22.27270909765713	-6.239792449431624
-13.989815528495	3.2450783056468
-20.783553255796534	-19.38752731152029
2.510613297147294	3.0376679405491482
-24.222253528013837	-14.38982287178188
-6.82603200264325	26.376856816181277
-12.742269292972814	19.650202090306802
4.128249320069811	-11.8226094485996
-19.198289248072793	18.525808821626047
-11.790898137600067	27.91490883194196
-11.33579983787886	-8.983743043482042
22.610322404099445	8.50598311759752
4.604317003814192	28.213305135869405
11.859548854512903	23.472668115412855
4.349997058500999	-23.026568400709788
-9.754954995787175	-24.08718344228651
-10.64869995549931	-9.649917778982239
8.793684033085182	-26.771198269947096
-12.921152022029547	-17.30288065752243
11.432469903927899	21.798049612520153
26.485581036022257	-5.504308607378746
21.973295802516006	10.125784436229706
-10.74731309349433	12.37085659388052
-3.2933321288460724	21.427170583534608
-10.752614546676712	17.845544495566923
-14.126876240839165	4.2919202224430855
-12.51975011249685	24.142815443399954
5.668361299757127	5.172681232677509
5.404617251510643	-14.98534760619528
3.367857930231745	-10.57800897155903
22.71517024197545	-0.2823333894234366
6.52318769912025	4.971573940058983
-0.038635426292129474	28.40491354944444
-10.92018812679059	-25.115681317455923
-7.690677439925252	2.8010346491867275
23.0231537572225	8.415933635433689
-17.161202681535237	-18.489415669729645
5.5659323918365065	30.699727763995128
5.153130084249699	-23.590187871657115
-6.874089659040643	-10.88645856401779
4.211624014217913	23.29768380835823
13.298473309466694	22.597153300873064
-18.518823905067148	13.91996244366647
12.250522282243317	2.0072306989721342
-8.083656740026237	2.996011525368844
2.2562414521505882	15.139912722072616
-21.51650313953929	-21.256329694339318
-11.056143267345114	-25.019320164458975
7.717339017188485	-18.219215883495533
20.7581040459997	4.45437827321794
-7.605214409813481	-4.959544598238401
5.789680256310571	-12.268345250714503
10.178234323540295	-15.346934846195493
-12.914978760058988	-5.958263154860776
6.595114178561657	16.10658320926652
-7.810360715201798	24.677391937245645
-13.135903234724434	15.958207529363614
0.9065404541111516	-1.2320376751259932
-18.961595010120824	-21.70372761413571
8.01030425622096	-27.09759400503307
1.1199582784596314	25.139487657919204
11.289934052659541	23.517933617142926
21.700489565140277	0.1793070975237063
-7.3609941633094795	0.38595912202530486
-18.733245534995028	-17.559738845861897
12.080163176457377	8.167842952444083
10.204736606188227	-12.749895240998413
-13.814287784781207	-26.317974165113885
-13.155332496477886	11.164092883211666
21.33014683708748	8.037572448529502
24.589439730563385	-5.943999450218803
3.3477420212008417	-8.736002858074745
5.2712305665608055	28.14271899375485
-0.6420341943752779	-4.824680975750365
-7.730954105963626	16.066582673514358
9.432406513977	16.648713366304726
16.77876335476933	-7.753251868064356
12.660832264496163	1.2249603569457246
24.15211195917028	-3.7875069510059394
1.3388775973366096	17.562578735673153
-4.565327731661505	-2.4076509020531955
12.312549642425532	-1.0995992565365376
-11.381126750941046	1.1427240097020828
23.034550138587168	2.7397953628856486
6.641748656060917	15.452046767573592
-6.103224342240636	1.826185169734232
-9.979248420182259	-5.046968448298253
20.836007216540832	10.485883570681011
8.571057944648212	-22.335244851697052
0.9079007742805765	-1.2233201454392728
3.6000767792230275	26.54689682529756
-7.853503307477775	25.187671800798537
14.29906979966708	-6.951188230635437
-9.641292871302998	30.659839750879193
-15.377698497185147	-17.073212330969447
-13.545151036641634	-7.189436729011756
-19.135825396771946	-22.854676488257443
23.91027288840299	2.3957519592576713
21.88118482629326	3.191493245405166
21.753362620979093	2.901357149692808
7.938511544856552	21.297419172388224
-4.27116853794181	20.638957044192733
22.847437383780917	-4.0988777896177595
22.130415799637408	8.441232982157764
-9.859141720943256	1.1418966686071614
-6.201589434302705	-12.818941852862457
9.09704097523732	12.59957755946036
2.8882932544852005	2.184695882257926
-17.676432721417402	-24.72729486337887
6.481049750293805	-29.650274684871487
0.5406703617363984	-26.026200562068333
-14.26364534217542	-25.326666664353105
-8.185877745679624	13.578264655742698
21.011805310166174	4.1864308208045635
7.467183101888867	-15.936620323630645
-1.4513290274218755	-14.15126977192752
-10.17475689571778	18.65784716999389
-7.632408090641775	25.810990438714967
5.942893368489275	-22.245353936767287
10.916711125856631	-0.717385694554054
-20.160394302025775	-23.594184765519845
-2.0505723467763235	19.372341915922117
-6.085645139065006	-15.361296345887874
-6.064232755362803	3.073315892133752
11.298270207741103	12.09106368153905
-12.940840383399884	-23.485519930408408
-16.6310224119132	-4.200500899027817
1.8238531978659704	-0.9841747888894288
-8.772866506474834	13.53175782288567
10.089175407295336	-26.39894991271025
-8.714639870996132	15.019309500898055
8.290844386802817	-26.646220199903038
5.838459115653201	27.845940373455917
22.100353151037456	8.962690431553987
-13.2538789555242	16.85010817303501
9.016817038081934	-25.513377608419457
24.17520290908295	-0.7244226337951795
-0.9451099868882974	-5.2974255773229215
27.711777517988438	-11.271243009060676
2.5804236333367467	-0.852954741680796
-3.6312050188568117	16.939999834018405
21.60657102388695	10.744286060203008
2.6061583363556804	-14.714306699898701
11.686140349193643	22.857985156473283
5.144608297099478	20.212637328051695
-9.630113849044033	30.686181363756635
-16.909992000646383	-17.54748004858359
6.36282243039135	-12.305187830087027
-12.474944768097762	-2.907445530242778
22.443600156215684	9.219828563581293
24.508284432045095	-1.0794431152037478
-7.681812168449923	25.123530764098717
11.035311822841475	-12.00655032385281
2.096372612819006	-0.27070658078036264
5.182134385256949	-25.09945010447089
-8.70380055450882	-21.44810578888059
-1.7729006930918765	14.06814056339371
7.6664742583948495	-27.852905449524734
3.1211051634664373	6.538487801283291
-16.234408675109854	-5.651623865367772
-7.757229291418764	17.040229313011505
16.57954535649499	-7.4991582432384085
-13.229014326273234	-1.815010709458848
-7.89973433994569	-13.518529113393422
2.311338723110822	-23.661662358223705
-3.3657913372891715	20.043788608199566
20.76956544596472	-0.6922520121014878
22.57956649284771	-8.444199838833274
-9.930191038940322	-5.557827980291041
-7.908139825078731	-13.625661087542502
-16.653961744748386	-18.69756574046513
9.487050276546553	17.295328120142436
3.8886635347716783	21.14420328364959
21.827909028768566	9.744482752534122
2.8179563842788453	24.963693611040675
12.45849885719791	22.640148923308235
-16.906218222929656	-2.855389717677906
7.8767695608731385	-27.118812352319548
-20.74969919562178	16.97316748692667
-0.5326765422161126	18.404345419624875
-16.257665778796405	-11.032815101069733
-7.7896583623805045	25.778738847747356
-15.608350200939888	16.261613176282047
3.2519509570657825	-8.448806482426468
0.864559734152422	25.27491214689859
0.8527916242660182	18.114121646401642
-11.371191732778335	-16.851583642208002
-0.16722943236254412	16.954407021342256
-9.048593323879993	-0.3331106394767487
-7.672267438432139	25.544973149235766
-16.20405960674538	17.30357553972252
1.7969106371998838	17.72382421902007
21.02602904336208	-0.731439568204165
6.862132331924745	-12.886215272381353
-15.389525714254342	21.54050215205181
-6.318428771823015	11.145737606712068
-8.569918866053053	-6.360870490165042
-11.55351288314037	-21.991563072721203
-11.398012713788674	23.298473416776442
19.242662694538755	2.5521538735716383
6.2885658650063885	-23.724684075290533
12.558209919079081	-12.771857061181183
3.468374941298713	-25.623282478773877
-2.490439611054947	-11.241097503895542
1.8899827549195454	27.926507158327748
-13.066259004122841	21.669681593394483
14.557317245346157	-11.830399647315083
1.1312804526776432	-28.883830483969746
-24.751804863991993	-12.31064931459678
6.001197526863578	25.795200802572932
25.29032005535569	-7.789693641755119
-4.940191136241779	5.698625939531936
-18.47480711826367	14.938337873217739
-10.847016413112	-21.29899019624313
-20.47814110512221	17.0011873697624
23.713397027576967	1.6073652291742426
-15.684571253844606	15.843958945742482
12.86513592064451	-12.665810541663285
23.323551140013308	-1.4876714064431422
-5.757642742357349	3.875524545613462
4.181590825344476	-26.30694484680081
-12.271023844463217	22.594156768034484
0.5025883716560116	-25.96640813221245
8.85551515917661	21.136444291778542
-16.318626536421224	-7.933513257653505
-4.926914024824779	5.255305641447053
4.232795158969039	27.17526565142942
-12.07526484889843	-22.627041273397555
-13.179441669083781	-3.4514102431451104
19.581833920187513	5.686824387257667
-14.643581538980694	16.049298718241996
13.744371426145559	-13.35150688686161
7.395166160221402	-0.9558469616587588
-10.879573712191252	26.925232537058648
3.2709175560972623	27.28538749658561
8.21142052525105	22.30166350659473
-9.543172532301412	-5.922016548588374
-8.6652380120248	-19.646598491613716
-13.213480020399096	11.040555972705379
-7.449224947987563	10.337404733926556
-9.162582221182399	-10.367295304326188
-6.416402180299775	6.669207934428229
-0.26061222190778544	-28.427350297058936
5.43532061809421	25.724244466385805
-14.337853295443985	-4.377051313941373
-2.4250486872880628	12.029408146995433
6.837599654618267	-23.21416938260568
5.362569574413697	21.16323459318081
23.352657327634663	-3.687345570654587
5.637929016129947	26.170998042925255
-12.562395239378679	11.767548280980192
-2.424980061998767	-11.498897720275599
-0.34488535547699745	-8.84163918035824
2.150261610221703	16.805764187258752
-9.337158273365702	-0.1835503159356083
-6.43446332376924	3.697330866651347
25.295537957534105	-4.8906077943083215
-2.8178018389173953	20.58648080065104
6.626249159902904	-21.9970222336714
-2.3255696314434253	-11.88645934614744
25.027663199207293	-3.594475772456726
19.246058375211817	-1.2221934556449934
-6.403990747993378	10.85353340342478
1.2983903875174303	5.641868920385101
15.80916178760002	-12.069362628531634
-6.651288125355009	5.195631205533275
-22.01926370603328	12.198171435502465
13.631850424514306	-12.737034375060476
-0.8643757969438735	15.079344959371925
4.967043124155442	25.036949696631684
23.598560546938565	-4.285242913350214
-14.045844840510227	22.274902793066993
-9.991474409011794	0.6280646316436
13.212140711977929	-12.606283796412331
-7.107419907072934	15.25280676753925
2.444147595992069	-24.555082420784796
-15.383042964556152	20.395444374275037
17.291576308761673	0.8705963965475901
15.82187556215287	-4.237698219292856
-13.777949661678777	22.593533542240586
9.518846343639025	-10.287134853993996
-1.4616445485105052	-0.4241237456710342
10.745835224085871	-14.586023118960465
-1.4405587984666135	-0.3176561584473441
-0.03212166514637205	-31.369281875990392
-5.080458967691381	5.551652521366954
-11.179854938388699	-18.486904791079475
0.49653287460326245	-31.4561741469918
19.067863080859148	-7.73560864570562
-7.646508531090519	10.40853976967365
-5.851005142850862	19.263857342729835
-14.404821650335334	22.56401428996602
4.525391580667921	17.480778375466837
-6.9373282268485355	9.824504030615167
-18.584818820387387	-11.838749317419701
18.12849185724673	1.4995329304825415
-2.37233916209416	-21.39024403633664
-5.91922004182045	6.188849072379958
-7.742160151687204	22.16327664956581
5.073242138248375	24.733262327479927
-11.284176667904234	-0.4072059887104677
2.443991846609172	4.496385679382573
2.345488113592897	14.762822841821354
1.823573064480843	4.557592700883803
-7.480524247495696	15.330212045676081
17.182220331683588	0.9650411609879893
-13.774370074459554	0.8387020388726054
-1.947012090263509	-11.622838673481958
-16.53422824730528	-3.0290932200050857
-7.058950071207661	10.051451209907565
-0.3167440519804843	16.410190174491873
17.633738893474657	0.5475317699756144
5.061816413824424	-2.312427866034853
-2.693057705697728	-10.101486369765905
-6.114216660080944	3.1338849261550976
2.292274180466541	-29.0738048114904
-4.415065561837935	-1.9466418865472397
6.442846304178033	-8.394332273172791
5.18249400512697	21.689806399989486
11.74440671064084	-5.881161260673602
10.796440978488489	17.659814530043242
4.220494143492964	-29.48615091701477
-11.4235637675853	-20.587393519465927
-4.986204680318646	18.12770755509912
5.148072833203861	28.959967349532622
-0.4286078332933895	16.46728504417277
-16.019523539007263	17.498644587232626
5.36397144228039	-26.796321462094927
-17.91771763180905	-21.496794635272447
2.886801713303491	5.059709289735025
-8.169405853731472	-8.964548563564652
1.3183623330565826	5.141299790552073
0.9447780837426214	29.40442216895787
-2.34058117676237	-11.631578356309861
1.3689345590224828	15.730780383277695
-2.213123932150913	-11.708748416880614
3.007418240344635	-23.849245254290107
-5.39938284035437	6.291654066568098
-12.634593830462808	-2.713850583174435
21.378774959880126	2.8197983686220653
2.169432653772896	27.41122912780777
6.184569179800988	-28.246437685303928
-8.515271569424167	-12.065998734855048
3.0377045383429655	4.158212917250965
0.7598013366981503	25.44853860973493
5.889123874557293	-28.990229998426166
-2.720968340379004	8.821940482367499
8.337283015630572	1.4588139838995802
16.767442980072804	-7.655925788856817
18.5207206741466	1.96809686342302
7.838946729329956	23.676586053242314
-6.919828548010721	10.301218009917088
16.36522294792256	-8.840935026109937
7.079562864506357	20.083424123374417
-15.54280492445706	-1.574711230783489
5.373171534355427	-25.595691651451034
-0.23256410381857737	24.208649994241192
7.358260485370433	0.9111719600885234
-5.852307600300845	-0.5141041185435059
16.88766788938925	2.9205949941169136
6.783031116887528	11.771207018112833
5.950482229052094	26.58073886644096
-10.588547525027716	3.457805838267094
-12.487631250930207	22.757721870219797
-11.443092815346565	-25.559536570513753
5.5475854718305015	20.802657663842044
5.3475050115384075	9.846792795806346
-10.69002608101977	-20.99021142780853
4.999060933791144	-22.33357548396716
-2.4561944778721063	-11.104457065287983
-12.049993057384752	-9.198193496305622
6.978223875473524	22.643761441834915
25.96448936320359	-6.03738770031315
-0.6383549899059606	16.57952303905753
-17.435214755936553	-8.37434685800068
-0.26331974772592215	-8.862754733642587
6.955537766780814	-26.69427715816142
-10.889039256438409	-21.811455758115933
-10.9613273466825	16.735395633983014
6.936981831305638	-7.86141091102274
-9.8185826687223	2.451535999855269
-16.423245175966784	-24.978536407014854
-13.272412194635718	-5.253445190713096
17.37262854210742	2.1164700395389207
-23.56545775903008	-14.307240655780868
-14.880106492917424	-22.952254076836404
-17.275329619527135	-21.238954158479583
18.321639274387564	1.7192481663074277
-11.590952890173826	13.708999422529264
-14.343314184034318	-22.73366645615257
-16.44412563208276	-20.80343465035681
-12.446990143525204	22.793092849151172
15.684973721500231	-4.504048318818267
16.457031946099058	1.0488985358292302
-20.050726136358687	21.30442331442942
-9.871164187152473	-19.921704138021298
-12.339660464163641	-1.348707310334878
-12.236267088803393	22.428754653491715
-19.673783149770916	16.527943650693636
7.599127997508478	22.763031293142863
-15.696223595355594	1.5142430098262312
-0.7909977781650765	16.37106587923916
12.490850286549506	0.0517477304064524
12.459213118027582	-13.549891828860682
-18.44364463786974	-21.34811197780857
-9.615324070495337	-19.942344113928996
-7.151738495703558	2.7865693196688848
5.513421750282451	-25.771368822290448
18.077751995713644	-4.180325158926719
8.345714496838013	-15.280711963896062
8.688620496155176	25.748440098272326
4.670941446585002	-27.492600154801817
24.165240110549668	-5.964019141009303
12.962627128792606	-12.776084955621466
-7.850573783074968	16.07108280900481
13.459102916936974	-12.313296002943932
7.219644733159699	-24.170119049064063
-8.600743629620787	11.69507695453827
4.995797227890436	24.934865298945937
-8.630964493164223	10.889212492993519
-16.13617207940897	13.919746021640938
-12.467232816977685	-24.71207881414977
2.738843239885386	-20.99370966167102
20.569955776032018	6.595988992598102
-13.164120998715603	0.9375652354701953
4.368867329423134	-11.76317176059934
-15.242268041626975	19.62193670042114
-12.046164766717524	-7.78041395591365
-6.138887152652043	21.370154283342053
16.56339976708734	13.808278318889633
-5.964589701594071	17.01556460264507
1.413033845268919	1.3559268830201345
-25.20396877802717	-14.779485666498877
7.248273064852409	-25.140413848254386
-20.40487906654702	21.317536328863515
8.920358675757292	23.70414023225524
-0.33201071579024144	-27.252135384065685
11.84265655090546	2.3493793212563543
-17.373746652024778	-8.770239553581382
4.8664642172221155	15.096882267501757
4.765761859662028	23.22742423136606
-8.66243462208409	-24.214809541555624
-23.652942931994843	-14.281876909373612
19.664487132953173	7.557006126646806
-7.17392947000015	14.499192251463908
4.368130066321529	-10.677181354799975
-15.37858914100195	-3.4951592282663295
-3.947922927425653	-6.049134798180562
-0.9963245245700629	4.852800835869245
-8.996102372065144	26.62963468599799
-13.526864825262319	-5.722350184949883
3.1547002904998114	3.5905262466453367
-8.963267636835523	2.6208323702698726
8.708522633005629	-24.664549953906054
-10.014994671157728	-3.261374019352144
9.881763802189948	24.340702183937122
14.070473820356922	-7.209995443933985
8.727743411767898	3.7653712981467513
-20.69043777138104	17.919692012223077
4.4130787327815	15.152298241542674
-0.416308658688113	2.667968330046072
-11.839145046362594	-24.355839939374672
11.542116892508517	-15.828682493052995
20.44699460328743	2.942967132704079
-14.870564537680378	16.3978803784001
4.877597102384566	-10.021238242272371
-21.459023021557698	18.231526672077536
-13.263655454911877	-8.404060940229119
24.177260074883332	-6.240619253749616
10.254401805692776	20.265237040759114
26.549705528481237	-8.38736353800631
8.717035561087801	3.6590208286852883
-16.11524587550565	-16.531092746084674
7.463925569960062	15.255213947838136
2.8252283660018045	-26.602758508974286
9.406998345503725	2.6334785717174833
23.738827027563634	-0.6663521157755647
6.316586690258221	16.156901018413066
-19.90083106140755	17.041836568161557
16.746969388145207	13.815510805304722
-13.571157688272196	15.41403632889276
20.850921641709775	4.203198622853398
15.14585650864802	-1.1853100371204086
5.672733888857806	16.295317612902075
-24.040840853399374	-14.693117944289018
2.013700860313399	1.7242584749675591
-0.1402212498977461	11.806813299821018
-3.9259516664970295	-7.996064211617204
-10.895802317289714	-5.978919647020512
-12.82701901423856	-24.004815612864242
25.470937000727442	-8.240046791649245
16.97121273643179	12.178693580776063
-13.980718222121263	-3.003219533052464
9.08742383500333	3.3880530858852014
-5.9329308762927	-5.241984852800587
15.695893035227149	12.648099777265777
6.260214878712932	-14.887208942889815
-12.464179941096738	-24.54441896129318
10.277320034882498	25.59351638595378
3.005892158354963	4.850340003481838
-7.306869434198396	-3.0456170052868057
23.166742512887446	8.097976580182856
-5.962059523089141	2.753436911456819
1.5872985137044857	1.606070994265072
-9.415148127685203	-7.080110732324974
-6.996079820544496	26.657662165578547
-2.954935602368279	-28.500630198821156
-12.527493988071702	-25.504707667942753
-4.8615953516757635	-1.2070766807694895
7.214742119432233	18.491812825256822
21.195620258520265	-4.131035016532568
2.403462127033525	-27.210266004851842
-24.083942538058825	-15.32172514238244
-14.124894425219145	-22.18030063564383
22.27698200490605	1.1935515713875202
19.665667861490896	6.743217896365436
-10.995954759476387	13.044344743810509
8.844231039286232	20.82293211077707
-1.4054177294959411	14.348674906038134
-12.258829131179558	-25.44892101083925
-17.55973077899866	-18.70299378141866
7.418933134104216	-26.07936797829899
-24.305143866606876	-15.7844220468866
8.269405057293486	3.1687556196063666
4.997708962954972	-22.185911015137496
2.5714785933930617	17.39433477531559
-13.704530585101606	17.63629307599756
1.762356861958224	0.8490397194357012
14.244739276125046	-6.112960319288146
16.676850364552482	13.935194402992556
17.433229822657278	0.0780788878759036
10.07031805536071	21.618257442602168
-12.773277848053745	6.384128774513649
8.610156185953766	-24.761738352321565
-7.07898156859613	-3.001089824778566
-12.150333770308073	-23.96624292059128
-20.139156635889833	15.173578421351316
10.24031946365942	3.8227361633307386
-1.8937245085639083	-26.179468072130124
20.795909765967135	4.600433394181214
-21.15572288506272	20.277300505510006
9.660617080982817	21.116511357741587
-6.714484035272503	-2.1793289528981123
9.29247053061009	21.000799909950157
-17.20036479123691	-7.55416845631721
21.579481046842275	8.74243299009462
23.6036397525921	-5.2408698165755645
-2.807228851960455	-8.853914851758782
-19.77978946035689	-22.904415707051474
5.926898295877408	-7.224099891066065
-19.28809061679224	-20.58175730561694
-3.92706888723767	-7.962472809139462
-10.471236504432868	4.929236679877496
21.21858428002918	11.185177528546232
-0.053646112193120946	-23.2740423893855
16.652158678606412	13.940712726870059
-25.436306775744278	-15.878190314426723
4.5317530355292694	-10.343539488626872
1.3558294666410255	-25.56246490893732
16.656199818261783	13.948963475608569
11.4836470790118	-0.1410004061151418
10.06619125073508	1.2660718913736524
26.629128352346786	-7.528556509605507
16.896727778531506	12.226332757633323
-15.932401815177508	18.341868026211078
7.419576496014227	18.61748681909028
25.757850584831782	-7.579049137448185
3.7380165270434977	-10.155059356477945
8.13381999627935	-10.809911370531688
-4.415759678385713	-9.376112057558814
-9.994231135640268	12.81273567836078
6.1674318302462465	-23.31372685473684
22.09369040306965	-10.275101394631681
1.7546259140916838	16.18498833903584
-5.739212570764462	-0.7558839957028471
8.890258901233082	-23.566316167160394
9.32823326457867	-15.353894512020338
-4.647391393584517	-10.452644839118694
-14.84438582518616	14.8250023776885
4.460446434337307	-10.361501362942988
-2.102829879143777	-27.71351573889387
4.406330495415891	-10.650642955360015
2.028725600048579	25.480259643727063
-8.283702113902152	26.425491296207156
-12.537414570832764	-5.027591234402827
6.55078768504197	-26.660649211753473
-12.583149830939984	12.069307491745043
6.185102420238184	16.112738485050627
5.6369477063538405	21.159686350428164
-12.073976496733316	-25.170201068325703
18.991042462470396	-7.726734912971754
5.869655601704462	-7.127530227300877
-4.335001340168098	20.139886334267615
1.9543818919241582	2.3494818951590166
-15.72256526734534	15.566082593582411
0.9333363708120689	1.0498946490138332
-14.87514781353752	-17.44753213241376
20.646367717342006	6.488513140855517
-14.679820274412675	12.912216293207518
-13.489804346350919	-5.556132115612739
1.3064933008724022	-25.1947989219489
-12.354532223634338	-7.8996857509287866
5.931988628089947	-14.311582227463687
3.709333473269813	15.136079078546537
1.111062032395199	20.836554118236805
1.9853128174845693	-0.2388257912800352
-14.154815225822135	-1.7036445730523975
11.054270143685267	20.2966598837241
-20.348568675397374	-22.989831348833317
4.065387658959812	17.47936601454079
-7.479958802079398	-4.207480976667107
8.708197674301493	3.96000277067613
-8.4643571883764	-6.591052085374102
4.619053534250856	-10.361166096704006
-21.090716867952658	-20.63332812164799
19.880492519750412	8.884697529592009
7.8254050802519775	-1.6947798009692119
-4.302250162863445	-8.298208550842654
-10.80150500946832	-2.403667789110925
21.152200210284413	9.164700596256246
14.977882638746705	-8.060700521933818
-5.5210531458105265	-8.089599609135393
-14.19765789702613	15.339784181784486
-13.63637596030547	-20.993041107617444
-15.450065910227623	-19.28747965784903
22.720493342596146	-1.2968203863850398
-19.162157903922978	21.787487378427222
15.982426980691933	-10.281663580911271
5.9701709965173215	16.2970479849294
-10.069696256187378	-10.379709966498584
-1.1409603561976043	14.599212222161855
-12.631846657385525	19.804382288952542
10.449578262834864	11.49675789278006
-1.4023094065797137	2.141689689121679
-10.572961756745027	4.993321698539141
4.820922185442451	-23.514852942335526
-8.61998323424853	10.295243934380188
6.80276512122601	25.119524857761238
-18.192261396807314	15.190357067967428
9.187841046908249	1.532266963610996
-15.351433245651606	14.72738107441906
-3.44701271863146	15.425173617330282
6.592494423418212	-14.029940001615124
-15.812605502791662	-25.647928840401836
-17.307056461450912	-20.411263489487695
20.951272011591254	3.402058697941646
-14.5295337744369	16.849794131294964
15.566617727828064	-12.080948526678226
-14.989904422894258	19.106665779469786
-11.425647175603446	-8.328504819444888
-13.97390494401008	15.702032534151945
-12.708905530456923	19.840438647981255
-8.246441000593647	-4.417011843316756
0.563072458838603	4.335813852793614
3.8049407813464122	25.16887596105129
2.8880704014002827	-26.42632737141365
-0.6941020911783978	4.716853832963439
6.512478543424805	24.189277039621917
24.115973925105973	-4.971922868715997
9.620845947236184	1.0690504045846507
7.207036485901804	-29.975928564289642
-2.0436012999518325	17.011692212681996
-14.31320710882755	-1.399001111370365
-17.84618270608191	-21.420624278556346
-18.033704506900037	17.99116313555941
22.751956966948473	2.8337030614418093
12.889242958289891	-6.806238658799722
15.609245553382927	-12.074310934009965
-13.732822010232965	0.810674492647874
-9.777542763604718	-10.814237592510517
2.393984306662115	30.935332152889323
-11.715976890518315	20.302671126946894
25.840954071361157	-5.971934199930596
5.934391571802579	27.72537107514002
7.221566928371448	11.598894829824655
10.007215404587143	-0.5804721220745889
23.13842357358748	-0.13526419917646168
-1.4178505940247128	16.65023842892916
13.22053690807336	-7.193425254365229
-9.64519332486823	-11.044517999220052
1.2324843250496103	8.408215674811387
-9.679093280846736	20.485827657671198
-16.72880812990805	-23.66329539217197
23.15885031100816	3.030487299321381
-9.62290691071508	3.544298787747476
-8.89681081865854	21.799571174691994
-5.945922147356079	-5.219332050837476
2.9965041190916173	-26.23253553613376
-13.08764141668276	-12.211732499014431
5.20913909825108	-23.60011214649741
-18.92712865454117	17.087160042283468
6.403108383325523	24.983349635343792
-17.20861588357208	-14.589321872554507
-11.949450613073942	-5.283256588505622
26.655730693330817	-9.536365282384898
-11.304125031725327	-6.680259519599015
-15.021132246605333	-24.596808223890918
6.916400954878968	-14.796403295344202
21.135089829383084	2.261619957690276
20.916529649932464	2.543246483095036
-17.772310021715622	-20.033075875391507
-4.97907079901387	19.258272499852612
-12.504934463355134	14.542695032205073
-13.907006562172976	21.255223945018333
6.276952912667302	-22.53968431422277
6.634351426519456	24.243503085148575
-25.33438486389474	-16.285047179133077
-7.624090951879379	-8.786158714919786
-1.6798649908212984	4.747083886208537
-1.053873931515132	2.20371931772789
-14.905223650218785	17.305576657333653
-10.768500904977149	20.725197593974645
-1.596924485566182	-26.094361257114617
-6.494497646644514	18.37691294097767
26.04832483620435	-8.583439876339261
22.26011606496368	0.8704219600866855
-14.611211340656656	-5.148730408542447
23.23438477451842	0.25729061466906245
25.53949831306456	-4.750961625603777
-16.9318643817167	-22.674520148670332
-3.8291184031886747	4.602595812693417
21.444096059083254	2.264224797244352
22.49004837052819	-8.012543985389664
-9.401258278771607	19.74118512155607
0.08579064505394604	-27.149667711633278
3.6649516043502555	-26.023732266396056
-0.9491325516417745	-27.913485656097173
-16.061987245458894	-21.40519609882108
25.39237928523105	-7.995494579011993
16.138060949853077	-11.36793644101361
-12.873305965302734	-20.786667257166414
10.155728883778233	0.9292905100108007
19.58748809238974	-5.73371759464023
7.121407797884122	-14.43042360068469
26.130192306193102	-5.713830191462421
22.903066559135763	1.9362982373247142
-8.804469250651913	-6.396648197341528
5.30763819553764	28.41170221512942
-10.544690982132632	15.623386339800707
-10.484155426218575	7.610130261504765
-4.722199424247876	-6.396840134763157
-18.73233815324317	-21.965727562341183
3.4812016647154618	-13.988363221758297
-20.128108071408096	-21.667622210825783
1.1722534577985835	-27.538095084031273
15.608677770393854	-10.977283207685954
1.280921967793157	15.555523165294943
-19.59728240561266	-21.69487652666804
3.3847812428417914	24.103125653513935
2.8849473940258656	-26.519283455163244
-12.487283020245506	16.858051271264074
-7.163156692096958	16.098539688941177
22.49961501715002	0.5313437020288432
14.054749805462192	-6.028998618381274
-6.183240864728559	14.709155866891606
-9.663483218575916	-9.19241656057738
-10.771235694328547	19.146228650662813
6.209931815898759	24.82990747633716
-13.051591629026111	13.124611231325323
7.1587350442099815	-24.18170362103198
-17.437012807731318	-17.91359387437543
-8.341184715862903	16.528880821041724
-10.226183170197954	12.512399236473405
8.622638141176497	1.35749777612383
3.550007870284298	24.709382518793173
6.781264250008819	24.48109494906544
-12.828541073598553	15.073231113148072
9.47862167630589	0.6562023571062321
9.252058729837554	-22.71302757210614
-6.776610957360968	18.091687575036584
-13.237778220133196	-3.1761015527621765
14.138464789846548	-7.253073429314086
10.438632012581522	-9.549761404173877
14.496901522247368	-7.147760195367355
-14.461523633378205	-4.311970805074437
-6.949613720053154	18.43138027573378
9.87420452742867	4.744026581918987
7.190780847370895	2.5581512725925815
-8.890883493092048	0.8477231796991981
5.90199591467116	-25.742636336578045
-10.27810013407953	19.18279249427667
-7.950097380812109	22.826030247918336
-16.584250777599834	18.825578343836757
-7.728563391483218	20.517596102956247
9.426756710096319	-13.313226115768584
-8.022337807699015	22.777998940323766
-0.564869882063126	-30.29502640257778
-19.345678233299786	-23.13453263093844
4.181140672844088	23.562503473618555
-19.51634002167073	-22.847893227995105
1.8892741968246034	11.496703827752029
10.143036438457994	-0.5184259462328911
8.957879836687917	-12.793220839943595
-17.57854107978486	-24.25967261290409
6.717674875007024	3.9642034441790046
10.17842067935398	0.09805323934025963
-16.796779189613712	-9.449160476166158
5.401123648220203	-24.405687604895622
-7.1821925936157225	3.335015650466822
2.65936887644869	-27.956110153629613
-25.218419452665966	-15.090674218842192
8.174271463905827	-0.7268341992946608
-3.041718402487474	-1.5862318434466467
1.112650614928915	3.924096852437319
27.040138011563975	-7.292850109903358
22.613523751064665	1.8399328584375776
-8.256003170471864	3.922491454594202
7.28209397214817	24.825415577453455
-18.622668732199287	-1.2202415636929376
-5.964045141952257	-8.072720215371678
-1.5701687925779735	-26.112969512282962
9.92458532674852	1.3895232375189581
-12.753004544141568	14.650894623208973
-0.14760410860983034	3.9108799924587165
-13.728700834753921	-17.238161187979888
-16.991550222180404	-25.80184210709346
-20.859791305120925	-22.17721611351278
-6.320320317188098	-8.614203512512828
11.075738006763617	-13.283507768671937
7.304055173346351	-23.868085319733606
-2.107114850530067	-28.146100502070553
8.220074768165762	24.53004328061237
6.685936450850966	2.2806100535811336
-6.398125834659273	-8.508491478855307
-1.4464370506570525	6.665405031623525
22.57865832191858	1.7350282976729179
-9.297068986618962	13.250103675177522
-14.519377989674854	-5.140632004824212
0.8594909498724214	4.3564659687849305
-2.38509503441273	17.55265014141507
21.994246314358787	-10.434237030900164
-0.30061011846754226	2.6151489372834913
8.042765629265086	-19.22774339079541
23.103725835740786	8.522530699015432
25.022608107452573	-4.449036663251596
-0.7872046846145154	3.4927108658750092
-7.153358462815229	23.136958958283916
-16.065952915041827	-25.548111818705703
-14.607977465227489	14.581272959954873
6.350507718925641	19.477814843456432
24.60155835704291	-6.5563431807931885
12.94971022716678	-5.795495292731257
-8.939963911705295	-1.586351023888003
5.705130820894873	28.091975136397906
-17.832698389573224	13.600153379265075
-10.945552545045416	24.148380090802352
-16.350207655983315	-23.653196428270824
-4.911728179318311	-6.917368147718588
0.6429914879798568	-27.66215344142599
22.683471142669937	3.4688735920313936
7.051125909405108	12.072096335007457
8.403731633080817	24.428318725429868
-4.835117653743744	0.764175231678882
7.840393072337934	-23.57268279976353
-10.7661940213872	-3.027491560084637
-15.794094644025117	-21.140690055102834
25.654684471317765	-8.041888140490382
19.503269640690277	-1.2318849786408073
-18.368255307414604	16.585482068971377
13.86913520130671	-13.236467799760568
-15.806999009397755	15.904615567542672
-14.169196091426745	-7.320272747043045
2.2482248760329973	-29.915574896426467
-15.11468488640852	21.448749923937886
11.291865931385631	12.054443601620685
-4.899530249525754	-0.862104355026782
4.085338204059202	24.241215779388387
0.17257207706279373	-28.188934238189656
-7.38168301905168	13.964186082986208
2.8350680971031434	30.221302672015636
8.999871930461255	-7.0215829541302
-7.290390034669193	3.177574792023513
-3.2860506112935375	12.517875394656215
-13.314242599868788	14.993864100176808
6.615469042425028	-2.6525109231103445
-17.38264713549408	-22.502517298466834
2.470505756263066	28.66526487721405
18.01390000163299	0.8123717361096618
22.196872180166668	9.92806790115536
9.316591086068465	-7.711234991982318
-11.192408991305612	-3.578475050949431
-8.62479290033719	9.74544154727384
-7.116403476276036	-3.7400470691192216
-14.241415121149572	22.429126530949812
4.038805235714487	-22.692219388219478
-0.5874687164752888	3.923815979102406
-18.23303301769898	-21.529344889336507
3.922463390431949	-27.451552389862524
-9.39181185094156	-8.950531197181023
4.545064787641702	29.954421867887383
-13.115940245979132	-4.188031741745768
1.4674758806110824	-11.612153239521906
16.146742190531196	-10.226190470746454
4.091145629420254	14.189186018434208
-21.877257104179627	-21.987558271845117
-13.568555787259601	-19.01293125914713
-9.084081543441389	14.77372416794948
20.814027993671527	-0.09483961883320821
17.4801469386367	-9.46501260502037
8.888125450856927	-7.463103178212107
-10.936750710735403	15.59052759630619
-14.075563712947988	-7.347889694035177
-13.015859689958049	14.94297096667698
-11.900456051623799	21.74258079208523
-24.712514923949655	-14.647221002347088
-15.292320878125814	-10.010147050922463
1.232543393108517	8.418878202221975
7.6167273738336885	-24.37508313511448
7.16379865158764	-22.688448842834557
7.513037047788777	22.756856916699256
-24.343837649888616	-15.826401194221754
8.239487276520071	1.0868748280509137
15.6144551951245	-12.023335674424064
1.3767159884744684	15.993340244838397
7.508746568397154	-15.325862393724618
-15.367904378920727	-21.696760146315775
1.9554317949032867	-23.366307373156875
2.7875712017250844	22.968035718986958
14.322248692808868	-7.202342934595202
10.466435671273969	0.9903010915723556
5.781264065053638	-22.196854464502227
-5.58447533930148	15.921356436968052
-11.121669509032595	-16.819419926790847
-3.363317314234351	17.11304450946391
9.508311168331575	-22.58881629972962
-13.83275386884293	-19.904825022929018
-9.20289194406737	-9.75925672781306
18.12803406360546	3.0364077603921453
23.92033371004315	-3.403573502494381
-13.239031600554673	21.167827135648917
-17.130257378951754	14.88828698988724
-7.041933942182584	-11.264635693093146
-8.170251130995341	0.46316910998640337
21.73008826915507	6.484935536255
-25.22207676261617	-11.786076127488954
7.332132776846406	-24.38114956157751
-23.973123131254027	-15.698538715163862
5.229960278794652	22.511893842090906
-9.061543796064502	1.032493771396463
-8.42107634394133	-8.652782653999594
-14.567878484066183	18.298019426054182
4.468790669857059	-14.084404873058157
-16.204856724474904	3.2031621671741495
-7.464615154603771	17.52734111102342
-20.008626372305898	-20.627282242662183
-13.753197346481402	-20.804164089452062
-6.3503354227920825	13.865487836534077
-8.625709912901854	-12.369633338296754
-15.671027489447598	-24.08156630913825
8.1802529379291	-23.253068809661134
-15.61824597335049	18.307638567567658
8.519500162883459	22.46100859077573
-12.270685449080602	17.92043814754677
-4.072673947656211	-10.607308455660911
24.07897915994421	-2.934128721825626
-1.3847173348103643	14.205010030700883
-5.701463886198996	-5.916953083957108
-5.047839407365239	15.351240041747113
-1.079450602270248	29.09706680833943
-8.981149506661088	-9.207492003262269
24.52247640994958	-6.5718094482438225
9.845960845466406	-1.1438814457978521
4.439910748727461	20.95424079203567
23.566066205144413	-3.5031539885800425
1.2332278906497802	29.983907878761208
13.922693713457402	-10.242072219131213
-8.09744549784783	9.048054005675487
-6.258689185721652	15.702834937647026
-14.8190053717222	13.419526701742662
5.058911643629447	-23.800196620304426
9.102983078162653	-13.47494805362048
5.697662283957031	26.251182707659375
15.60124888082177	-12.151691729717088
-7.933322903033798	-12.396750314633435
-12.419132027721828	-25.12299309210368
1.935327916371576	-25.258406117818296
1.5247864977003507	25.734792549074463
-12.489305791472287	-4.9161015693388155
-12.429399465756319	14.607681662698733
-17.377992564629313	-8.03503346205857
-12.726294191320804	13.081872341373725
-14.635279452575132	-22.794757778489267
-9.7175777006785	-0.08426942037436007
-2.0167429085174104	0.43497839234023183
-10.8068718370292	1.051765718971096
-11.298224847547969	22.235913774205645
-0.32384778326226465	27.49153906396497
-13.559036965184156	-19.528875230464283
0.6258497008900972	4.271370073830855
-2.8354550375204184	-11.60498794807727
11.012952454538102	-13.203658970197067
-9.766114796973143	18.28496130223916
-18.710165334488416	-4.3871242867506215
2.7282466056293826	22.376815114081065
-15.18042424914456	19.97454532136211
21.954255498519164	0.4332308802624789
-7.9424345853486695	-2.931643010814774
-15.060791725897571	21.207400949143114
-0.5316392327374821	-30.278613030298438
-10.530791886716477	-14.197663819450982
0.05759477633618406	27.25312084357525
5.90980729073437	26.98810057726298
-13.936026466847418	13.973242427603232
4.350771986977747	-23.563830142837773
4.94313043786383	-25.920578093037793
9.277889142045671	-7.5245751089768715
18.05183899778665	-4.16275610625759
18.814338816762895	0.3563711895169781
-1.5971589868394527	-26.183353906169238
-1.9173999457756414	0.6603540655733704
-3.020832287770426	12.299040576682422
-7.622626110866067	-12.630103439159306
-14.98690253678928	-1.59656781433007
-16.38391745597058	-23.79605648768766
-9.682550883659534	-1.8443721872001917
-15.407599570406507	-10.027639464207509
13.785117334748167	-4.996659599663616
-15.36036272552851	-22.99707168554483
1.802459250449626	-20.954896496382293
9.183523475944211	-0.7637127728508701
-10.131490641070313	5.011807168966194
-7.441387040651525	21.145969868377524
9.516124892445383	-12.683371643824033
3.799167425331751	-27.636203164393113
-2.557027349993777	16.080966992654346
5.43492639775368	26.887682282209298
24.25269891082666	-7.141469670121737
-14.67713255372299	-23.124553070932144
10.822962820274384	-4.960157241446011
-10.95998146472543	-5.1295428380238715
26.233060403024368	-6.243008643798651
-7.527243608137694	3.127123816743027
-18.168708824677562	22.5410218971683
22.29316175602926	-3.4751111553447234
-9.377880959462058	5.373175453518999
13.510391118499173	-10.681339658939827
11.322635736158219	12.301393134386666
13.507544660101827	-11.164149695559752
-1.5597168560115888	-26.598987170581342
-10.003439584942305	-4.910428505237807
11.275292181082124	-9.662533976927447
-3.753359516838587	-12.057278360069475
2.3056036502165824	26.219413638568355
6.618827749186436	-23.682737805882628
-6.723153152454105	1.5114773516409215
5.034149358633163	27.061348692443588
-4.7319459627331	-2.3921550510513696
-9.331334626574254	-7.605300885172149
8.621782137019466	8.27934920398596
-14.882953200099763	16.845720714992122
-20.39553303786712	16.708227997601124
-4.258718078513389	18.170079221865876
-13.577212419533188	10.533719919384813
-1.1650274304958925	-28.60462237553125
-19.078030332631993	17.869793071287354
-7.801331089171911	-12.425178206337264
-6.864242073353055	-13.02940068570393
18.118755875279795	2.496917970242868
26.502413813105555	-9.61470178488773
-6.026599945118894	16.363732691275676
15.680746681005564	-1.8412846773961145
9.15332246976592	-0.06531012129608943
18.446967159618257	-1.1132660472718852
21.435426362215953	5.600017250129238
-7.332876342710736	21.670804208730125
20.547563070714983	3.9508368082115752
6.6771906735445805	21.639972689622716
-0.07827208960934877	3.1966375982015593
-8.20775986924747	13.721079930077854
-16.372916771461046	-23.881070762789015
-12.254723744464739	17.98436733271655
5.098989107187402	-14.227402874850023
4.241475647660013	23.572460732624293
3.9345906106921262	23.931014882012317
-15.94404072000451	-10.959124218242343
-8.136090692515126	0.9242003354253772
-18.222040769717225	-18.77296402406335
3.15363347835214	-24.690987580120673
-13.994432248968835	15.47856173385244
7.745664890058366	-24.43419383173128
1.7442717123300564	-23.443724609932797
-7.516063315881979	3.9729271636126393
-12.285842813213897	16.799953613543465
9.829298734350383	-14.01128396795517
-11.223622846870732	-17.0309602444166
-6.627002785003501	3.3029930702730854
-15.357104142553395	-11.666551999607432
-13.091517072071813	20.192044461860064
17.4293390757627	2.2401191996894476
-10.741680722503498	26.42208460055663
-10.998918789680777	12.71713855140435
13.395609974230911	-11.745826334431074
-15.638881842386056	-1.3956945010906905
13.439707047910275	-11.175904606822922
-0.4071748916537581	-8.856920821882307
-4.793570587912583	5.408653137212197
16.824287605308108	-7.432360892864178
-15.509292389772735	-23.0343003191354
-11.328820836179277	-10.648824242860309
-14.730657338509705	-19.671342436794887
-13.654690654549892	-21.192015111790383
22.575990161890328	0.8423376714330494
-17.214948344952987	-22.656392289929723
9.94503573187865	-14.331763549935594
23.067207817633673	1.173474716325184
-11.302007795320623	-3.4851384781176225
-9.777588741095709	-5.48858155818217
-7.64325301438113	21.57269261491356
2.839277298236545	27.337450962260867
-5.971687307402592	-2.7567505445297744
-16.250249987595854	-1.0188032937626894
-0.3656097724627777	-28.423251691491277
23.504303418403914	-6.556327938464964
2.0445167181872836	28.04083573698545
2.008345063223007	-24.324738085539064
-8.10360469198938	3.765190473430834
5.0545360947583315	21.475266581455838
-2.835570737076722	15.988559716748231
-18.798013716373514	-22.959884414068185
-14.433154483767701	-18.68144977325679
-0.2565809180872626	23.935430931870453
23.95183419483334	-0.6363197991221868
10.882457505511756	-5.4251422938826614
9.530984822757405	-14.02070552886232
-12.612531155469172	21.098689961964364
-13.438656406949837	-2.6336515352765963
17.318592984776036	5.574604702653849
-11.16151638634473	21.213650126694112
21.601490282348287	4.829352496019984
-6.50357237114014	-12.723288170590202
-16.960219100140616	-17.86911892542778
-0.16952150840639985	-29.614424030184225
-9.42227067786329	-8.912115891044586
3.4565266388831972	27.971294657630125
-1.9487945128852981	17.243799942073853
-6.6475695498499245	2.3335511386676053
2.6776939894805847	31.15102652819218
-1.9146514117495332	17.10368696686547
-6.3011832335811	-2.112297815504233
-14.985002794344645	-21.195166377023988
22.16782576662245	1.8149484873058228
23.313461616402314	3.3998573641588763
-9.908989317225195	0.9193559894343113
11.242135827803981	-8.92943040804989
-24.117502379969054	-14.206722957816229
-13.876378396562215	4.362671284479646
-14.841745884738192	-1.4702260427921017
-10.605487187196614	26.72037144797047
-12.659509354907446	-1.8962936971016917
-3.4657759254799543	-0.6858649852002067
18.670702096559687	3.6554365370345434
4.356501615014436	28.137646243569957
22.19508847849698	-6.210890114380352
-5.020382101837311	6.539201677837236
23.579855244978056	-2.49109986467563
-4.707106066402617	19.063124954391235
4.796787287821865	-23.01014000568822
-9.517106778779956	4.632259704312369
0.5176976208445484	15.370064213209053
-6.354853918090902	14.16400588994752
6.371795383681722	22.46623781351008
-15.598187298019887	-10.29815911983803
-12.679186894632386	-19.999619261093528
2.520817312279091	27.02189594009832
-15.489144851070645	-5.1782637218984595
-19.757733839517762	-21.27676724605126
-3.7046708727570046	-28.63098806590275
-11.118818107364266	-8.46237214420485
-7.136927381450433	9.083385484815109
22.82837654741627	-0.7734303310279766
0.6761157255211492	-24.31261641682935
-0.4554695340648033	-27.454686069602957
23.586525749831015	-3.1752246922918097
-9.391504792646034	4.042166589936736
-0.07650437792765395	-23.301033066076485
-10.417571706007289	19.320235434428078
-2.808331711781869	-27.03932304739121
23.508448537973123	0.9202604365499971
-14.129938094043341	-24.48328729512085
4.985244408532252	27.684637394846646
24.800468174370486	-4.621751721469838
3.6196486875695872	-26.57696492740027
-21.890201345813566	12.71011148138739
-3.7655801439859165	-0.18942553846745147
20.14715241115398	4.890566454237454
-0.28628988613851025	-28.380340030478582
7.493704786755835	11.909351422396904
-6.8930542308188345	24.740537792110803
-18.724418844557285	-1.3200428139203353
8.955226265290495	-14.297725455704164
-15.04105334555526	-6.432228582178732
3.884143122459676	26.93124831762045
-6.0568919063408	-5.280798047883126
7.2840902186995	-0.5585061395265898
-15.779344734161057	17.3026976353419
21.749821385124736	2.105584003049631
-2.6513697817548327	-27.89614829117963
-11.005155732343415	-4.033475469703187
-4.8532634188320065	-6.327961079302616
-13.091653495235779	20.711247648105317
-15.702684593773618	1.4075186960762702
-10.946114737191742	-4.282239129840534
16.981191559687623	-7.774148699755718
-4.452931351248458	17.151306974852897
-13.117545143269199	-3.74482563371454
2.668986147780497	26.27071079004219
24.67549117192306	-5.515239842615917
9.247903727418109	-14.283952186061846
-14.60133622935263	17.978116402578078
-16.862070163232165	-21.209780423559263
-10.322674484222619	-17.755260939125073
-4.923570987822497	-0.8515493710239835
-7.808618991276149	9.08141720656541
-20.447688755192047	-20.5709531354874
-0.962409458300233	-28.11454864823839
23.79659992100097	-2.938087478996192
24.14710937030309	-2.2232306929391763
-10.150726898024786	16.541834296858514
-15.145811568768952	-7.420659758403507
11.366620549941167	-9.860262250068773
24.17456987115425	-7.957248142404543
-11.57286582727336	-8.197358584940549
-18.339967782052142	17.363925288794626
10.215409912280222	-12.98350286762212
-4.698556453077088	13.272726918603526
-15.916327004045794	-4.054143880411868
-2.7719500259508396	11.679075210357698
-2.4316215157075485	-22.427421388715338
-6.74634754790964	1.117801189083234
-2.394750622421084	-22.386818673015963
2.7951619015934948	-23.304757750635137
-0.61135005079685	28.917668257511806
1.6071698693873309	-28.329705761227643
-8.195745657574053	3.6382785498481267
-6.184306106121979	15.894476261938557
-8.321784007386778	21.17648813716862
-13.846310921157666	-17.216781162054097
-6.533623905035312	17.303672779838095
5.203178296421025	-21.054237769627463
-8.179282623686937	16.0675905316372
-8.922750604831517	18.025556201822262
1.9253758894579696	25.93488537001777
-8.981158354592973	22.131833469424674
24.791561897376372	-6.043182449029508
4.5112727869221825	-22.837628856834254
23.671447144803288	-2.444926717650068
-15.228946383863976	-3.266936051414634
3.6946536795964455	27.46182053400623
-14.910726272270246	-5.1985533346075075
-9.298051446066138	5.538408189617391
-9.129788770888682	-6.127929097219159
-10.759412658722171	-7.614049490709512
9.204180053184817	-7.508379709190492
-10.722491050185525	19.502651944394593
-21.064677093372342	18.571762019450905
-9.364984231018187	4.812524279429084
9.718781176138506	21.813969954421278
0.1485942508707209	-29.480991121465994
-14.468693226680214	17.30063663336059
-12.16326154007936	-7.178471220687293
1.3927870029765463	-27.11955164345422
-9.408216256694272	4.497216788235524
1.252910388860389	30.049347830722883
-15.047359731250681	-19.240020868650426
-0.2966493409894965	23.646356409677875
-2.619109747481458	19.678226171313792
-14.977486633703936	-11.688790630668677
6.618770037697046	-24.92866534059713
24.541518816525663	-11.214660519023465
6.0381219805109945	-14.800225471887122
6.708645027718466	10.517318109550729
-19.998384716084317	-21.145672824305667
-8.658621234589447	18.567535696714284
23.83442967599928	-5.456281684734067
-14.813999035582048	22.20282040647973
-20.38320154257575	-20.531074433137565
-15.110664631107477	-13.988223693971182
-2.772763646562505	-27.898837716875914
25.972839554067995	-6.073984835393288
11.214675572473265	-9.882305118543544
-1.7700723226952693	-25.912580454940205
-11.83101132785982	-4.7440532103684045
-18.5589141764393	17.489584485932056
-7.836139528406879	4.3258359075526265
-5.670582420084931	-1.9385236477977235
-5.093277363256678	16.456162500568816
-5.132249326330402	0.4994789671278234
-16.221091241621366	-20.414788538204494
11.568850352174477	-9.787746130897247
4.463209469796971	27.63345210534903
-7.368267124295217	-10.818063750734513
10.315233984968668	-13.244698612829115
-14.197460660501466	13.680634252534913
-11.944249973069715	-4.510125632450799
-8.5649519288069	18.560835208074717
-2.1203960137877376	15.50731327157863
-11.776584697525903	-17.72398723927815
-3.3724238638762998	-0.5886672485240141
11.186704292597538	-12.167944729722283
-5.476819229438261	-0.32005461835003407
-13.14579923995379	-12.124572933707755
10.514581139563255	-12.752988547584884
-17.735200694618495	14.229881164277772
-10.31843801273705	3.434052232524559
21.362654112579104	-5.401256611220684
-15.27556136476227	-9.86708091010558
5.616940022478796	-10.642137863754328
-11.014471443593592	19.77801035501799
-12.504237337848721	24.497821165488094
-0.07697170298525387	-28.423904915446293
-21.063253370677508	20.805649658871662
-0.6285679773663053	-26.321538373457322
-5.057637312335533	13.597949676811705
0.5030143770449901	-27.942255159613282
-0.17143322640223937	-25.75213326373893
2.679444741938076	25.340662410310124
-20.307310986701506	-21.354860961184823
-9.586888373380816	16.272872683238717
-0.7999493288010949	-27.015215106807382
22.150787577731744	1.0615864635578807
-9.60815792043558	-0.5220911464127043
-9.730638266404839	0.9733768144844079
-18.045387727874715	0.4453958131351858
10.35371795840031	-12.985968319639367
27.297752663042075	-7.44883076665167
25.65579091741045	-5.152928719406342
-1.364860859370142	6.182378775301896
10.358006643258722	-12.982986874683975
-17.226359412589904	-17.50784249832379
-1.0277914505574381	-27.87291989226899
-17.86542209278999	15.040578481159956
-5.7186767346875795	-2.432738351666356
4.975465868013547	-11.483141990320837
-11.387976468496655	-4.0341974432836505
26.438087197428878	-8.321301098195626
-11.882352838230458	20.841725407540796
24.918755043912657	-6.428135097195891
2.508405654885061	26.924003172221408
-5.148279302195035	-13.319932343363408
-6.964716677404144	18.26528541935401
11.262822977247932	-9.691181089468689
-8.54646340755976	20.009431950536275
-23.0033932171475	-14.153232702589225
-18.079449425315634	-21.295737173565623
23.35880022992555	-6.030182915287987
-15.588165554359568	-19.00824977047951
-14.879925662618811	-6.477289478198163
-15.36831365538505	-10.239039275052875
-5.75122712484372	-1.8145383092230893
-4.679328458044548	15.947406187115703
13.778585971907642	-5.684726423827754
-15.058480683266094	-24.209003142962317
-6.378494087927259	13.391323575854486
21.65352971779701	6.8202344569722015
25.976314178682642	-4.887031715291131
4.162912255414749	-13.82309394764031
-14.514919702219952	13.231901545897392
-2.784930208029525	-6.48595132895031
-19.78430821533438	-19.914651937306523
-6.493306993343513	26.157248415377705
13.174283153487565	-6.963883796980117
1.6725618774027367	2.9350855669174334
0.5542122042857431	27.822852599388234
5.88387235556227	-29.566037144319573
15.878534968463372	-11.753400707112743
9.861492887432348	20.0743269071975
5.721799385437447	23.022295398732513
6.4913075412274095	4.703790673823611
-16.99681040225472	-9.47485772998409
1.4730134359185538	17.228173851007387
-25.213670798370053	-11.805240705702108
-16.16961081884107	-25.285605060906942
10.697297244833313	-14.724695186009797
20.246702018739676	9.74953471794268
24.332736271362577	0.2906735082026275
4.1941237741603645	-13.281063443309485
8.613792852914093	2.4704306461819243
-2.342810760447391	-6.699975787219793
-20.451699712521503	16.439214889531605
-6.340851838918941	26.6190979656889
23.66155753943766	-6.3164302145606195
1.7003994331732788	3.6056932733594427
-12.777312541592554	13.2920845868533
7.115851598387243	-28.290984007782107
26.369558125989	-6.378816577412641
10.606190900098566	19.974630021551768
-11.370844118021335	-10.580499914557505
5.580042676036214	4.8617167415398175
-5.21634453312474	17.298063886708412
5.385927630362662	16.57921587067097
7.371721452497281	-23.69643017769227
-15.761040429695823	-25.635851262847833
23.554546147871783	0.8065297718243899
20.43732012174408	10.292938929847288
-1.0310513084474613	22.543644643867157
4.386886453357718	-11.656588046613882
-6.663177550644746	4.48895622407526
6.2779976355083855	6.129949989536434
5.047563847869204	28.86226549206159
11.560895538689484	20.343436150249673
8.160326587991712	-1.249726319109307
6.473335785710565	4.646807012151132
14.204296747343125	1.901958939407917
4.696335802088124	17.221649460589415
2.4019522927689585	28.735885407453853
5.427714432082819	-27.62147001034014
12.005648652967901	1.0495548659697085
7.675799889561622	-14.537326218410644
-17.048884012645463	16.298353302299738
8.423114554923917	21.423309092821476
-7.852961048002136	20.106675977437845
21.927760148098272	6.916604572930439
-10.580195222320771	1.1764490269154344
-6.3713818646059535	-10.679096287399824
-21.54087533591771	-19.941521960662243
3.9794296460218823	-29.615206411651144
-9.28672173734443	15.038222430501145
6.2320493926494125	-13.585949957281718
-7.267147108016537	5.791059310824689
1.093495624551762	3.539106918026045
6.075426533921989	19.371026434194413
-13.28155003070031	-25.247749044759587
-18.23398677774214	-24.61427343161445
1.2757211421185723	3.5345349867031546
8.166775809605515	-19.68676429595764
-6.1186310871458405	26.39834521348171
-3.6572363656640214	-11.38733816153602
5.0537062342269685	-13.75188848234249
16.65446298353801	-10.407185758399427
-14.062144231298083	-24.407474152168028
-17.15077284521413	-9.490115313748959
8.640640763407987	2.7874244887690516
-16.295311830541255	-9.674978359339539
20.907321335444795	9.89061854406707
-11.765780790773412	21.07294497390378
10.702871016782819	20.04828535886039
15.679070749098925	-12.184016679859209
20.634324147478555	11.02237221334773
-18.36936772876892	17.003808574405785
6.640985593874235	4.456488907044241
7.209476600875939	-24.533888846477627
5.618202316079367	5.445757094197007
-17.11494223077445	17.405244681780836
4.448718350832456	4.790175700719202
8.373240559487048	16.68219627026969
8.197043148735606	19.550808653439244
-7.09804844657735	-2.353966052177071
21.20009169923734	6.559967405886545
-14.140895630083682	-5.651106284527808
8.872684130151752	21.855554330744965
26.223568202939276	-9.128537129902856
9.081121683942536	21.409162428913643
-6.605727260889892	14.55623270558069
-10.606021058795072	-21.691085528152186
-12.153771408314764	-16.949641597777568
22.127477200336735	6.642753543219026
-6.628533856289021	14.819397110377551
-7.126104450499194	24.55249634765729
-12.106278355137635	-23.33053863046541
-6.0542889967851075	25.547968874194783
7.338298241198501	8.798954352098832
-5.833266338366378	25.909453252724145
20.644961075747094	-2.677035205537522
0.41117535865795546	1.291636644990017
22.990171488632786	-7.71028197029709
8.631700204188542	19.574965190826546
21.66671418070546	-2.7567270283304293
5.849358127014869	15.850051720942854
3.280444569438739	-31.05770465189491
-6.231860185190447	25.966025186803687
-14.457543222734733	18.693147814682657
-0.09578294689421829	18.96738260113949
9.044437704329786	-12.741029782850038
10.475610928596426	20.23710933702735
-5.305415297325023	-5.408495601633263
5.241785511640747	-12.033185392161254
-14.171405933858168	17.707749149376184
6.495165724133896	-28.280514158139926
-6.0382563471383826	19.078123909134717
1.4529320737347604	4.120593040637429
23.175759241520964	4.606007974195572
-6.557174398298395	-6.574769699675061
7.949246109450877	-13.781857229157449
4.413423484601823	17.037892898498253
-14.79115780035326	12.76373257469524
-6.768808151352483	24.68506378652559
-14.71049195370813	-0.8116953818067175
-2.9647218135781204	-6.3260715866834065
-1.671494130388493	-26.320713289567504
4.070939137900499	16.95124019537354
15.714698553815975	-8.724526427389804
-15.938435839855767	-25.710264920696073
5.717554038461659	-26.475006398324695
8.274577027490992	2.459258103625481
-10.487528633412412	1.0743276343404597
9.50791336255171	20.007757727435607
-17.437671137143532	-8.237285227638909
7.385529907943582	-27.985621704897124
4.098514189222453	-22.21293077138544
-3.0519241385423865	-6.091770832073699
-11.083753616127925	0.8786484798435611
-16.178273864865478	-25.010709631802225
-6.776089237154962	28.099432998803227
-6.155742326251488	25.72303188603029
1.696727257799082	-22.36025570419154
5.23491250655546	-29.8904306650883
-9.902169444939366	14.430869593082294
-2.4645851810176054	-6.669624113232054
-9.092349409724854	16.6964698226439
9.83449190724452	19.5503700530699
0.041764773969735054	26.0649832582599
-12.580624678030313	-22.129028425387652
-25.032648913850846	-16.19818687040057
21.355693222802703	7.33885365129283
-24.71973152998342	-16.250286791557905
22.901514660103835	7.2987828449878895
-2.037035989931987	-29.05600910181413
5.584312614189882	-13.398340261344284
